$SPEC_ID:
No sample description was entered.
$SPEC_REM:
DET# 1
DETDESC# VP03 MCB 337
AP# Maestro Version 7.01
$DATE_MEA:
01/24/2018 09:41:29
$MEAS_TIM:
228 232
$DATA:
0 8191
       0
       0
       0
       0
       0
       0
       0
       0
       0
       0
       0
       0
       0
       0
       0
       0
       0
       0
       0
       0
       0
       0
       0
       0
       0
       0
       0
       0
       0
       0
       0
       0
       0
       0
       0
       0
       0
       0
       0
       0
       0
       0
       0
       0
       0
       0
       0
       0
       0
       0
       0
       0
       0
       0
       0
       0
       0
       0
       0
       0
       0
       0
       0
       0
       0
       0
       0
       0
       0
       0
       0
       0
       0
       0
       0
       0
       0
       0
       0
       0
       0
       0
       0
       0
       0
       0
       0
       0
       0
       0
       0
       0
       0
       0
       0
       0
       0
       0
       0
       0
       0
       0
       0
       0
       0
       0
       0
       0
       0
       0
       0
       0
       0
       0
       0
       0
       0
       0
       0
       0
       0
       0
       0
       0
       0
       0
       0
       0
       0
       0
       0
       0
       0
       0
       0
       0
       0
       0
       0
       0
       0
       0
       0
       0
       0
       0
       0
       0
       0
       0
       0
       0
       0
       0
       0
       0
       0
       0
       0
       0
       0
       0
       0
       0
       0
       0
       0
       0
       0
       0
       0
       0
       0
       0
       0
       0
       0
       0
       1
       0
       1
       1
       0
       0
       0
       0
       0
       1
       6
      17
      34
      47
      67
      71
      91
      99
     104
     120
     136
     138
     143
     142
     152
     148
     166
     165
     161
     173
     138
     170
     170
     168
     160
     204
     185
     173
     162
     166
     150
     171
     182
     171
     158
     176
     156
     169
     189
     168
     185
     184
     176
     173
     162
     171
     191
     179
     188
     169
     152
     164
     166
     186
     168
     175
     189
     203
     166
     192
     201
     174
     170
     185
     201
     172
     170
     181
     162
     180
     156
     175
     173
     199
     175
     187
     192
     181
     165
     171
     171
     185
     179
     179
     181
     186
     182
     185
     178
     180
     172
     205
     189
     172
     185
     156
     171
     160
     193
     167
     221
     181
     190
     181
     176
     185
     155
     184
     179
     192
     184
     157
     178
     169
     150
     200
     193
     165
     191
     182
     191
     157
     202
     173
     192
     171
     178
     163
     200
     156
     183
     200
     154
     176
     203
     176
     194
     152
     200
     155
     153
     163
     158
     187
     167
     166
     186
     175
     165
     182
     162
     192
     181
     166
     181
     164
     171
     179
     172
     184
     211
     194
     187
     201
     181
     168
     194
     195
     193
     186
     175
     202
     167
     203
     166
     177
     162
     191
     177
     188
     194
     191
     178
     186
     181
     190
     172
     188
     176
     153
     179
     165
     178
     182
     170
     199
     175
     159
     189
     178
     165
     204
     190
     161
     196
     182
     166
     180
     175
     186
     202
     186
     177
     179
     171
     168
     213
     186
     176
     165
     157
     196
     192
     191
     176
     189
     197
     170
     198
     181
     178
     183
     183
     166
     202
     190
     168
     164
     199
     185
     193
     216
     181
     203
     204
     191
     192
     167
     183
     182
     199
     186
     182
     182
     166
     188
     191
     188
     192
     182
     179
     197
     177
     218
     173
     178
     186
     176
     159
     191
     197
     187
     169
     194
     184
     181
     191
     182
     182
     190
     162
     195
     170
     178
     195
     164
     181
     195
     170
     175
     182
     163
     203
     171
     184
     191
     160
     184
     192
     187
     204
     177
     177
     192
     170
     215
     172
     195
     187
     167
     170
     189
     175
     182
     188
     180
     191
     174
     193
     188
     163
     200
     186
     176
     196
     189
     154
     181
     176
     213
     195
     166
     187
     163
     202
     160
     162
     193
     176
     170
     178
     205
     185
     180
     175
     178
     188
     178
     180
     138
     166
     182
     184
     171
     173
     161
     166
     151
     169
     162
     135
     187
     201
     193
     195
     198
     169
     192
     191
     175
     167
     158
     159
     185
     180
     160
     198
     162
     174
     164
     191
     176
     173
     172
     169
     184
     191
     172
     166
     170
     195
     183
     170
     155
     165
     157
     154
     160
     172
     176
     192
     185
     169
     162
     177
     170
     189
     194
     169
     175
     165
     180
     184
     184
     178
     167
     186
     183
     179
     186
     159
     197
     183
     193
     188
     188
     177
     197
     171
     182
     208
     164
     196
     186
     205
     183
     194
     196
     189
     169
     234
     209
     183
     186
     156
     214
     181
     192
     189
     201
     176
     201
     203
     223
     198
     188
     207
     197
     192
     204
     208
     206
     220
     206
     210
     203
     209
     231
     224
     194
     217
     238
     185
     211
     229
     206
     198
     201
     195
     220
     192
     220
     210
     211
     222
     243
     203
     211
     207
     207
     221
     254
     223
     269
     234
     250
     219
     265
     218
     219
     234
     251
     238
     219
     225
     222
     251
     264
     206
     253
     240
     238
     246
     240
     243
     243
     215
     254
     255
     242
     240
     270
     231
     230
     222
     243
     249
     234
     227
     209
     247
     227
     226
     233
     219
     223
     228
     234
     236
     228
     248
     229
     231
     251
     237
     248
     264
     225
     217
     219
     201
     232
     221
     223
     241
     236
     233
     223
     212
     202
     248
     223
     230
     218
     234
     206
     236
     213
     207
     208
     194
     217
     229
     218
     227
     231
     208
     207
     200
     203
     215
     206
     213
     206
     206
     223
     221
     202
     220
     204
     203
     230
     189
     179
     229
     188
     201
     215
     185
     181
     175
     186
     193
     198
     197
     196
     221
     206
     216
     192
     220
     192
     208
     193
     206
     177
     206
     187
     197
     199
     197
     185
     171
     234
     194
     185
     180
     205
     186
     201
     180
     192
     172
     183
     203
     170
     197
     177
     183
     186
     198
     157
     160
     191
     168
     189
     175
     175
     177
     168
     184
     170
     178
     175
     190
     156
     188
     199
     171
     166
     158
     179
     181
     166
     177
     176
     187
     167
     188
     175
     168
     164
     168
     169
     161
     191
     177
     162
     165
     184
     164
     198
     190
     181
     178
     163
     194
     169
     164
     151
     207
     157
     170
     185
     178
     171
     184
     164
     173
     157
     164
     164
     205
     194
     174
     163
     155
     157
     160
     171
     152
     170
     169
     163
     160
     164
     167
     157
     160
     172
     164
     161
     139
     173
     142
     163
     173
     164
     150
     181
     154
     175
     162
     169
     143
     184
     146
     155
     173
     194
     155
     151
     183
     158
     144
     142
     152
     149
     166
     167
     145
     169
     164
     176
     145
     153
     151
     175
     176
     171
     152
     150
     168
     150
     170
     168
     154
     166
     135
     134
     148
     161
     166
     159
     181
     153
     148
     140
     149
     168
     153
     150
     158
     170
     168
     158
     135
     143
     163
     143
     187
     153
     185
     164
     156
     145
     162
     167
     147
     140
     166
     158
     168
     146
     154
     173
     155
     181
     149
     150
     169
     126
     148
     141
     146
     172
     142
     130
     157
     132
     141
     150
     165
     151
     141
     169
     147
     143
     155
     164
     146
     148
     142
     163
     158
     160
     135
     142
     160
     147
     142
     161
     167
     157
     141
     144
     122
     148
     146
     135
     149
     157
     139
     137
     183
     114
     128
     141
     162
     157
     150
     165
     145
     137
     138
     123
     141
     122
     144
     134
     141
     153
     134
     145
     150
     109
     138
     134
     140
     148
     139
     136
     128
     148
     146
     158
     113
     130
     122
     136
     118
     131
     146
     138
     136
     150
     134
     130
     128
     143
     126
     123
     130
     174
     130
     127
     139
     153
     154
     137
     138
     123
     127
     143
     151
     119
     133
     139
     128
     113
     141
     149
     162
     108
     129
     136
     132
     133
     134
     117
     132
     142
     149
     124
     120
     152
     146
     125
     124
     121
     133
     138
     139
     117
     134
     126
     134
     141
     136
     135
     127
     134
     148
     144
     148
     113
     150
     130
     119
     122
     141
     131
     133
     137
     118
     139
     118
     113
     117
     136
     142
     130
     102
     125
     152
     123
     130
     137
     130
     137
     124
     125
     147
     151
     134
     133
     126
     124
     154
     133
     136
     136
     139
     111
     122
     149
     149
     108
     109
     129
     119
     121
     115
     123
     122
     124
     120
     118
     122
     151
     130
     131
     115
     132
     109
     147
     130
     123
     137
     123
     109
     109
     111
     140
     122
     108
     137
     114
     113
     116
     119
     112
     130
     125
     107
     122
     121
     133
     135
     109
     128
     110
     117
     106
     124
     108
     128
     104
     119
     120
     115
     120
     127
     126
     128
     117
     101
     121
     135
     141
     111
     127
     109
     115
     110
     102
     133
     116
     115
     117
     120
     100
     120
     131
     112
     123
     109
     125
     123
     115
     131
     127
     150
     121
     121
     100
     126
     103
     113
     115
     108
     117
     117
     122
     113
     108
     103
     118
     119
     118
     116
     116
     123
      98
     114
      98
     116
     128
     109
     110
      96
     131
     117
     140
     117
     113
     114
     124
     121
     121
     117
      99
     120
     115
     111
     126
     104
     113
     118
     122
     113
      96
     109
     129
     104
      98
     128
     120
     142
     124
     118
      97
     105
     119
     120
      87
     106
     115
     103
     105
     114
     119
     103
     104
     112
     115
     113
     133
     103
     114
      91
     138
     123
     132
     119
     116
     106
     102
     107
      91
     110
     114
     110
     101
     112
     131
     119
     107
     107
     117
     101
     120
     123
     103
     105
     108
     104
     102
      98
     113
     120
     126
     108
     105
     118
     128
     104
     103
     106
     112
     121
     102
     111
     106
     114
     105
     124
     100
     107
     116
      95
     111
     109
     105
     126
     101
     117
      95
     114
      96
     117
     109
     102
     104
      93
     105
      94
     103
     117
     104
     108
     107
     105
     108
     102
      89
     113
     103
     114
     119
     104
     107
     118
     112
     103
     103
     110
      96
     115
     125
     112
     101
     106
      94
     120
     112
     104
     104
     102
     101
     115
     101
     120
     106
     105
     102
     115
      97
     125
     120
     103
      96
      85
     118
     113
      99
      95
     103
     109
     112
     108
      97
      97
     106
      99
     108
     106
     109
     121
     111
     104
      92
     115
     113
     119
     104
     106
     103
      87
     114
     117
      99
      97
     123
     113
     100
     118
     106
     103
     116
     118
      92
     107
      85
     137
     115
     104
     119
     108
      97
     105
     105
     104
      93
     108
      98
      99
      84
     102
      91
      93
     108
     104
     103
      94
     115
     106
     105
     132
     101
     104
      78
      88
      72
     110
     102
      97
      99
      98
     101
     103
      88
     133
      97
      85
     115
     107
      89
     106
      86
     112
      86
     100
      96
     122
     118
     115
     123
     110
     110
     110
     101
      99
     104
      91
     105
     115
     120
     109
     108
     102
     118
     110
     113
     101
     102
      96
     100
     115
      83
     110
      96
     107
      98
      83
      97
      99
     101
      97
     109
     109
      97
      78
      98
      90
     111
     109
     103
     129
     121
     121
      93
      88
     100
     111
     115
     111
     112
      96
     109
     117
      84
     102
     127
      89
      88
     107
      94
      96
      99
     110
     110
      88
      97
     100
      83
     102
     108
      95
     109
      98
     104
     109
     104
      84
     109
     111
      97
      78
     111
     113
     120
      86
      91
     109
     129
     110
     113
     102
      97
     102
      96
     103
      84
      98
     105
     126
      88
      95
     105
     102
     106
      97
      96
      89
     105
     105
     108
     107
     108
     112
     104
     100
      87
      97
      93
      99
     108
     101
      93
     113
     106
      97
     110
     107
     120
     126
      95
     107
     102
     103
     101
     104
      91
      98
     106
     107
      99
     100
     100
     114
      87
     116
     115
      86
      94
     103
      93
      96
     111
     105
      99
     128
     111
      97
      92
      94
      92
      90
      89
     101
      99
     116
      98
     101
      95
      93
     122
      93
     108
      97
     106
     122
      95
      91
      96
      93
     104
     100
     115
     121
     104
     103
     112
     111
      90
     103
     111
      92
      89
     109
      88
      94
     101
     100
      81
      87
      96
     114
     106
     108
      96
     101
      91
      93
     103
     102
      96
     106
      92
     102
     118
      97
      83
      85
      95
     106
      82
      92
      97
      93
     107
      86
      68
      88
     101
      90
     119
      92
     110
     115
      88
     102
     103
     104
      97
     110
     107
      95
      89
      88
      98
     111
     112
     101
      91
     123
     114
     103
      94
     104
     106
      87
     113
     107
     101
      99
      98
      93
      83
     101
     106
     105
      85
     124
      98
     101
     100
      87
     110
      78
      91
      96
      84
      83
      80
      98
     100
      98
     104
     104
     103
      89
      79
      97
      86
     113
      86
      93
      97
     104
      78
     130
      69
      99
      97
      97
      81
      84
      91
      96
      98
      79
     103
      88
      93
      96
     111
      92
     115
      81
     109
      90
      72
      98
      85
      92
      94
      86
     105
     105
      99
     110
      96
     110
      91
      89
     110
     113
     108
      88
      99
     109
     100
     108
     112
      83
     101
      95
     106
      91
     102
      94
      91
     107
      75
      74
     103
     104
      79
      93
      91
      98
     105
     105
      93
      96
     104
      91
     105
     103
     109
     101
     112
      87
      82
      95
     108
      98
     103
     105
      99
      98
     106
     101
     100
      77
     112
      89
      91
     107
     106
     103
      95
     104
      92
     102
     106
      92
      98
     108
     107
      98
     102
      92
      96
      87
     104
     107
     101
     102
      95
     107
      99
      98
      94
      94
      90
     102
     106
      94
     113
      93
      96
      92
      92
     110
     116
      80
      90
      99
     114
      83
     108
     104
     110
     107
     113
      94
      90
     105
     101
      95
      89
      96
     113
     101
      74
      91
      90
     110
     106
      92
     105
      89
     106
      96
      89
     108
     114
     109
      79
     105
      99
      83
      95
     112
      88
      99
      91
     107
      96
     107
      83
     109
     111
     116
      92
      95
      89
      96
      99
     100
      85
      89
     114
      92
      88
      89
      93
     106
     107
      91
     107
     107
      96
      93
     101
     113
      90
     102
      86
      97
      93
     117
     106
      89
      85
     100
      85
     105
     102
      91
     106
     109
     102
     105
      81
     104
      98
      99
     112
      93
      89
      84
     110
      94
     102
     114
      91
      78
      95
      98
     106
     103
      97
     104
      80
     120
      95
     113
      88
      95
     101
      95
     100
      89
      92
      88
      87
      95
     104
      85
      91
      88
     117
     105
     102
     119
     113
      88
      91
     107
     101
      95
      87
     107
      97
      96
     112
     109
      76
      85
      94
     105
     116
      96
      92
      90
      66
     102
      94
     109
     101
      84
      83
      90
     110
      99
      79
      96
     103
     109
     113
      89
     103
      88
      90
     103
     109
      96
      88
      92
      82
      96
      94
      93
      96
     102
     105
     109
      91
     104
      97
     102
      97
      86
      81
     107
      85
      93
     108
      84
      91
      90
      97
     101
      95
      95
     102
     104
      96
     102
     103
     100
     109
      96
      89
      90
     103
      93
      97
     104
      91
     102
     111
     106
     100
      99
     100
     106
      84
      96
     100
     115
     109
     117
      79
      85
      84
      91
      94
      99
      84
      94
     104
      92
     113
     104
     105
      91
     107
      98
      92
      93
     100
     100
      99
      98
      93
     124
     110
      84
      96
      82
      99
     106
      82
      86
     103
     101
     106
      87
      98
      96
      84
     100
     103
      96
     100
     102
     102
      96
      96
     115
      89
     115
      86
      86
      78
      96
      91
     103
      93
     110
      99
     110
      99
      92
      91
      97
      97
      98
      92
      94
      85
      96
      90
      93
      92
      91
      92
      99
     111
     119
      92
      86
      93
      80
      94
      97
     104
     112
      93
      88
      76
     110
     110
     113
     103
     107
     100
      89
      82
      96
      94
     110
      86
     106
      92
     114
     115
     127
      86
     105
     108
     102
      95
      89
     109
      85
      97
      85
     108
      98
     101
     100
      85
      96
      99
      96
      95
      95
     105
      99
     110
     104
      93
      85
     104
     115
      83
      85
      86
      94
     111
     110
     115
     106
      91
     103
      85
      77
     114
     103
      96
     103
     114
     104
      91
      89
      73
     102
     105
      97
     105
     100
      99
     104
      81
     102
      99
      93
      91
      95
     100
      99
     105
      98
      93
      90
      91
     105
      93
     101
     100
     118
      86
     102
      96
      98
     108
     106
      92
     106
      97
     100
      90
     101
     104
      89
      85
     130
     120
     108
      94
      95
     100
      91
      93
      96
     106
      94
      98
     100
      79
      88
      76
     101
     107
     116
     102
     108
      85
      95
      99
      94
      94
      94
     102
      97
     100
      94
     105
      93
     118
      96
     105
      92
     104
      87
     100
      94
     105
     122
      90
      98
      93
      93
      89
     102
      95
      86
      98
      95
     104
     101
     132
      92
      97
     105
     102
     113
      84
     116
     104
      92
      99
     111
      90
      98
     100
     102
     118
     107
     102
     109
     108
      99
     110
      98
      89
     115
      85
     120
      83
      99
     126
     103
      92
     104
      86
     106
      99
     103
     109
     133
     106
     110
     104
      90
      90
      99
     102
     111
     114
     108
     115
     110
      80
      80
     102
      83
     101
     101
      91
      85
     103
     105
     108
      93
     106
      94
     108
      83
      91
     105
      99
     112
      94
      90
     111
     100
      85
     116
     104
     103
     106
      81
     104
      95
      99
     110
      99
     116
      92
      85
     100
      92
     105
     116
     109
     103
     111
     121
     106
     107
      89
      93
     119
      93
     101
      83
      92
     121
     108
      99
     100
      98
     105
      95
      96
      99
     110
      90
      97
     112
     105
     105
      95
     112
     104
      97
     103
      97
     107
      98
     116
      94
      94
     104
      86
     127
     112
     101
      95
     110
     124
     110
      92
     106
     101
     127
      93
      93
      98
     106
     108
     114
     109
     106
      93
     110
     107
     117
     113
     112
     117
     109
     116
      95
     103
     112
      93
      91
     111
     109
     101
     102
     108
     103
     113
      99
     135
      89
     108
     108
     112
     127
      97
     115
     114
     106
      82
      94
     115
     126
     111
     117
      82
     108
      95
     117
     113
     103
     102
     106
     103
     111
     100
     110
     106
     101
      93
     108
      85
     102
     101
     100
     101
     112
      95
     107
     108
     111
     109
      91
     115
     106
     118
     106
     122
     100
      91
     108
      97
      93
     117
     106
     114
     109
      98
     112
      86
     105
      91
      96
      96
     110
      93
     115
     101
     105
     114
     109
     117
     121
     116
     100
     113
      92
     116
     104
     120
     125
     109
     104
     113
     107
     119
     116
     112
     102
     115
      95
     115
     106
      92
     115
     110
      96
     102
     109
     116
     120
     123
     118
     124
     114
     119
     130
     119
      98
     101
     112
     131
     107
      94
     108
     109
     109
     135
     127
     110
     119
     114
     115
     119
     109
     103
     115
     142
     108
     118
     104
     102
      99
     110
     109
     105
     116
     105
     131
     104
     122
     118
     130
     133
     110
     128
     113
     125
     128
     105
     101
     115
     124
     120
     114
     100
      91
     122
     110
      97
     116
     108
     106
     119
     102
     120
      93
     114
     106
     113
     132
     122
     120
     109
     118
     103
     117
     102
     114
     114
     127
      97
     120
     110
     120
     106
     103
     104
     126
     129
     107
     127
     110
     116
     121
     132
     108
     121
     108
     129
     120
     126
     109
      92
     129
     116
     104
     117
     101
      84
     113
     140
     113
     119
     102
     111
     116
     122
     101
     137
     104
     109
     113
     120
     109
     121
     110
     102
     104
     121
     118
     110
     116
     107
     117
     109
     114
     115
     103
     130
     106
     131
      93
     128
     126
     114
     103
     122
     114
     118
     108
     119
     121
     126
     125
     114
      98
      96
     130
     131
     130
     127
     114
     122
     113
      91
     117
     102
     121
     113
     116
     117
     125
     104
     122
     108
     116
     113
     106
      99
     115
     120
     114
     132
     121
     107
      99
     144
     118
     132
     128
     133
      99
     129
     118
     104
     126
     103
     133
     121
     119
     115
     125
     119
     121
     114
     107
     117
     112
     117
     103
     114
     114
     109
      93
     111
     128
     105
     124
     104
     123
     113
     104
     113
      99
     109
     132
      92
      89
     117
     117
     129
     102
     117
     104
     115
     116
     119
     114
     102
     112
     112
     127
     120
     111
     110
     120
     109
     116
     112
     112
     113
     115
     119
     115
     100
     109
     110
     106
     129
     108
     102
      88
     115
     123
     107
      93
     111
     104
     121
     105
     102
     117
     112
     116
     125
     109
     110
     110
     110
     121
     127
     112
     106
     109
      97
     106
     107
     128
     120
      93
     119
     109
     107
     109
     115
     123
     102
      98
      96
     100
     114
     106
     110
     114
      92
     124
     102
     100
     112
     106
     100
     118
     121
     111
      97
      88
     117
     124
     106
     102
     107
     121
      94
     116
     116
      99
     100
      98
     104
     102
     113
     105
     104
     137
     103
     106
      89
     105
      98
      96
     104
      98
     113
     105
      89
     121
      86
      90
     100
      94
      87
      95
      88
      76
     110
     112
      97
      88
     104
      99
      97
     103
      98
      88
     106
      97
     109
     100
      77
      92
      91
      91
      80
      85
      96
      96
      74
      99
     102
      96
      97
      99
     104
      89
      92
      91
     100
     105
      76
      88
      89
     102
      86
     101
      77
     106
      84
     109
      89
      80
      82
      82
     103
      99
      86
     104
      85
      88
      69
      83
      84
      86
      82
      91
      81
      90
      86
      74
      93
      87
      64
     100
      74
      91
     100
      98
      81
      87
      84
      98
      78
      88
      68
      76
      88
      84
      81
      94
      88
      82
      93
      98
      72
      69
      81
      78
      80
      75
      92
      72
      86
      81
      87
      61
      73
      80
     106
      88
      78
      71
      67
      71
      92
      78
      89
      67
      76
      74
      88
      69
      71
      75
      69
      81
      83
      71
      85
      73
      81
      76
      81
      58
      82
      78
      65
      62
      75
      85
      67
      71
      67
      73
      77
      85
      77
      69
      71
      72
      72
      62
      90
      66
      84
      74
      73
      74
      68
      59
      68
      74
      59
      83
      68
      72
      77
      79
      81
      87
      90
      62
      73
      82
      78
      77
      73
      78
      65
      75
      92
      74
      90
      70
      73
      71
      67
      79
      63
      80
      65
      70
      58
      81
      75
      81
      65
      77
      79
      66
      68
      79
      79
      68
      66
      82
      66
      59
      67
      62
      56
      70
      79
      74
      56
      71
      71
      74
      71
      79
      59
      72
      68
      64
      81
      66
      86
      78
      72
      75
      68
      78
      84
      84
      69
      73
      91
      72
      72
      69
      73
      72
      56
      68
      65
      62
      87
      60
      76
      75
      75
      67
      93
      69
      69
      87
      84
      67
      80
      68
      62
      59
      63
      63
      72
      70
      69
      62
      68
      73
      72
      69
      74
      65
      62
      70
      85
      57
      64
      63
      64
      56
      74
      59
      83
      58
      56
      67
      72
      58
      65
      68
      72
      62
      77
      63
      73
      76
      73
      73
      75
      67
      66
      61
      76
      65
      66
      85
      68
      82
      76
      70
      71
      72
      63
      77
      70
      79
      65
      68
      66
      78
      62
      82
      61
      73
      83
      82
      71
      77
      62
      55
      72
      81
      66
      59
      72
      66
      63
      57
      64
      75
      70
      69
      64
      67
      71
      66
      56
      73
      71
      63
      74
      56
      59
      49
      74
      66
      56
      80
      63
      77
      70
      71
      75
      65
      78
      73
      65
      69
      70
      61
      74
      57
      58
      86
      64
      76
      80
      58
      66
      43
      71
      87
      68
      67
      51
      58
      75
      72
      66
      68
      64
      52
      71
      71
      55
      63
      71
      60
      54
      70
      60
      57
      75
      71
      52
      64
      70
      63
      58
      57
      65
      53
      66
      56
      72
      68
      73
      68
      79
      63
      58
      53
      63
      64
      54
      69
      69
      73
      75
      69
      66
      72
      76
      55
      44
      65
      68
      63
      59
      70
      73
      59
      63
      74
      55
      82
      58
      61
      64
      73
      80
      57
      68
      60
      67
      65
      68
      54
      57
      64
      62
      73
      60
      71
      74
      59
      64
      58
      71
      60
      53
      63
      79
      67
      55
      65
      80
      43
      59
      48
      73
      69
      72
      61
      56
      66
      62
      69
      63
      57
      60
      72
      60
      60
      73
      67
      60
      64
      72
      81
      79
      71
      85
      82
      76
      74
      70
      72
      88
      77
      78
      73
      86
      86
      86
      63
      72
      69
      85
      86
      77
      76
      78
      80
      67
      88
      71
      73
      68
      94
      80
      83
      92
      70
      64
      73
      68
      78
      90
      77
      81
      86
      83
      82
      83
      69
      84
      75
     114
      93
      83
      79
      74
      73
      81
      90
     112
      87
     105
     105
      82
      99
      99
     106
     106
      80
      94
     104
      90
     116
     113
      97
     115
      91
     105
     101
      97
     103
     116
     119
     130
     113
     124
     114
     135
     124
     135
     121
     154
     139
     131
     135
     128
     115
     125
     123
     118
     132
     146
     129
     132
     140
     131
     149
     133
     129
     137
     151
     145
     137
     148
     131
     153
     136
     139
     179
     161
     166
     124
     138
     162
     161
     177
     153
     182
     178
     166
     178
     143
     180
     171
     169
     189
     183
     178
     163
     164
     192
     191
     174
     205
     189
     183
     198
     190
     219
     189
     182
     224
     195
     195
     177
     210
     192
     198
     195
     205
     227
     203
     184
     219
     191
     213
     210
     206
     216
     217
     216
     217
     225
     200
     251
     210
     189
     209
     227
     235
     222
     244
     234
     235
     238
     265
     257
     207
     219
     230
     232
     233
     246
     223
     236
     222
     234
     259
     238
     245
     231
     232
     251
     222
     231
     254
     243
     232
     216
     238
     241
     235
     248
     226
     237
     223
     236
     249
     250
     228
     239
     251
     232
     251
     246
     230
     237
     237
     254
     230
     248
     211
     248
     234
     227
     225
     248
     217
     234
     212
     234
     273
     229
     251
     239
     232
     233
     252
     244
     203
     243
     236
     217
     241
     266
     242
     253
     225
     243
     235
     224
     235
     234
     219
     214
     218
     219
     219
     208
     212
     225
     243
     222
     227
     179
     212
     215
     195
     197
     219
     173
     185
     211
     212
     180
     213
     186
     186
     203
     187
     184
     186
     195
     207
     186
     173
     186
     206
     194
     195
     177
     191
     210
     177
     172
     181
     168
     181
     157
     158
     154
     151
     178
     163
     153
     156
     154
     160
     150
     165
     181
     154
     132
     124
     149
     127
     125
     157
     142
     121
     131
     140
     143
     143
     122
     132
     149
     111
     129
     121
     123
     139
     122
     112
     142
     120
     112
     108
      98
     119
     113
     107
     106
     120
     128
     108
      84
      97
      83
      89
      92
      87
      87
      93
      92
      73
      92
      99
      90
      80
      65
      86
      90
      79
      87
      89
      90
      93
      86
      84
      83
      91
      78
      74
      73
      65
      80
      56
      65
      71
      87
      65
      81
      63
      68
      63
      62
      58
      68
      61
      69
      54
      53
      46
      53
      55
      51
      50
      46
      64
      61
      54
      50
      54
      45
      55
      45
      52
      52
      42
      54
      43
      40
      53
      44
      29
      47
      40
      43
      37
      47
      53
      38
      34
      43
      41
      38
      47
      38
      39
      31
      48
      29
      46
      41
      43
      34
      40
      37
      34
      36
      41
      42
      23
      27
      25
      36
      36
      32
      40
      39
      37
      29
      32
      31
      31
      30
      30
      27
      40
      32
      34
      30
      45
      22
      27
      40
      27
      22
      28
      35
      29
      25
      35
      41
      26
      35
      31
      31
      28
      33
      23
      28
      35
      31
      29
      38
      31
      36
      36
      32
      23
      35
      24
      30
      35
      33
      34
      29
      45
      33
      28
      32
      42
      37
      38
      37
      28
      49
      37
      41
      28
      42
      41
      39
      33
      40
      32
      38
      42
      41
      42
      43
      46
      52
      33
      37
      49
      47
      43
      47
      43
      49
      55
      42
      43
      43
      57
      47
      54
      55
      45
      64
      56
      61
      60
      59
      55
      65
      55
      56
      62
      57
      78
      73
      62
      57
      57
      59
      54
      72
      53
      87
      56
      69
      69
      70
      63
      68
      61
      73
      74
      98
      77
      72
      76
      68
      65
      73
      88
      77
      86
      93
      79
      75
     106
      93
      96
     102
     121
      91
     100
      98
      86
     108
      96
      89
     109
      88
      88
     113
     105
     114
      96
     107
     110
      99
     103
     105
     100
     121
     123
     112
     133
     130
     123
     129
     113
     117
     126
     134
     125
     128
      99
     137
     134
     109
     149
     134
     133
     120
     130
     125
     105
     139
     124
     135
     137
     145
     141
     155
     164
     141
     168
     118
     156
     145
     152
     171
     144
     147
     134
     140
     146
     156
     159
     145
     132
     138
     159
     171
     166
     170
     159
     167
     166
     179
     173
     179
     177
     177
     149
     165
     196
     169
     170
     193
     157
     175
     159
     166
     195
     188
     175
     200
     170
     176
     159
     178
     167
     199
     200
     177
     175
     166
     184
     192
     172
     189
     184
     175
     175
     183
     203
     182
     168
     189
     191
     188
     166
     198
     177
     192
     179
     168
     192
     171
     175
     187
     178
     187
     185
     187
     196
     183
     166
     197
     187
     178
     202
     204
     167
     177
     151
     206
     229
     158
     175
     166
     181
     164
     164
     212
     197
     168
     166
     178
     183
     196
     150
     184
     162
     190
     161
     147
     182
     167
     176
     171
     168
     172
     161
     197
     164
     187
     144
     183
     170
     170
     158
     178
     178
     155
     166
     170
     185
     154
     176
     162
     156
     132
     163
     147
     151
     182
     162
     173
     169
     171
     138
     167
     144
     138
     135
     132
     158
     143
     148
     138
     141
     154
     151
     143
     151
     142
     163
     113
     124
     148
     133
     139
     143
     123
     132
     138
     138
     136
     108
     106
     120
     130
     122
     124
     123
     135
     140
     112
     132
     121
     120
     111
     122
      92
     104
      90
     124
     111
     111
     121
      80
     104
     100
      96
     121
      95
      90
     107
      97
      86
      99
      96
      84
      90
      83
      84
      97
      93
      74
      90
      83
      90
      84
      84
      91
      77
      79
      82
      86
      63
      82
      70
      74
      64
      58
      78
      69
      70
      67
      60
      71
      65
      62
      59
      62
      78
      61
      55
      58
      57
      63
      52
      56
      51
      60
      58
      56
      55
      51
      52
      53
      44
      58
      41
      35
      45
      51
      43
      43
      34
      41
      36
      43
      41
      36
      27
      41
      41
      31
      37
      35
      37
      28
      47
      34
      39
      39
      35
      28
      43
      29
      28
      37
      31
      36
      32
      37
      36
      34
      28
      29
      35
      28
      29
      27
      29
      25
      32
      30
      26
      20
      35
      25
      29
      24
      31
      22
      21
      23
      21
      22
      21
      13
      12
      17
      17
      12
      16
      20
      21
      26
      19
      13
      18
      17
      23
      17
      14
      18
      14
      12
      13
      13
      12
      13
      18
      14
      16
      15
      15
      12
      12
      12
      19
       8
      11
      13
      11
       9
       8
      12
      15
       7
      20
      17
      10
      12
      14
       7
      13
       8
      13
       6
       4
       8
       5
      10
       7
       7
       8
      14
       7
       8
      13
       4
       9
      12
       8
       6
      14
       4
       4
      10
      13
      14
      10
       5
       4
       3
       3
       4
       3
       5
       7
       5
       5
       3
       9
       7
       8
       6
       7
       6
       8
       7
       7
       6
       6
       6
       2
       4
       6
       1
       4
       7
       3
       6
       3
       8
       2
       4
       5
       6
       6
       1
       3
       5
       2
       3
       7
       7
       2
       2
       2
       3
       3
       1
       2
       4
       4
       5
       4
       4
       6
       2
       3
       1
       0
       4
       3
       7
       3
       5
       1
       4
       6
       4
       3
       7
       3
       3
       4
       2
       3
       2
       0
       6
       4
       3
       5
       5
       3
       4
       3
       1
       4
       4
       3
       1
       2
       0
       3
       3
       8
       2
       1
       1
       2
       2
       1
       0
       1
       4
       3
       4
       3
       0
       2
       2
       0
       2
       2
       3
       2
       3
       0
       2
       1
       5
       1
       2
       4
       2
       0
       1
       4
       1
       4
       0
       0
       3
       1
       1
       1
       4
       0
       1
       2
       2
       0
       1
       1
       1
       3
       3
       3
       2
       0
       1
       4
       0
       2
       1
       2
       2
       3
       1
       1
       1
       0
       3
       0
       0
       2
       1
       0
       0
       4
       3
       1
       3
       3
       5
       0
       0
       2
       1
       3
       3
       0
       1
       0
       4
       1
       1
       2
       1
       3
       2
       0
       3
       3
       1
       0
       2
       1
       1
       2
       0
       4
       0
       0
       3
       1
       1
       1
       2
       2
       6
       2
       0
       4
       0
       0
       0
       1
       2
       2
       2
       0
       2
       2
       0
       0
       1
       4
       1
       1
       2
       0
       3
       0
       2
       1
       2
       2
       2
       0
       3
       2
       1
       0
       2
       2
       3
       1
       2
       0
       1
       0
       1
       1
       4
       0
       2
       2
       2
       3
       1
       2
       1
       2
       3
       5
       0
       3
       2
       2
       1
       0
       0
       0
       0
       1
       0
       1
       0
       2
       1
       1
       1
       1
       1
       0
       4
       0
       0
       1
       0
       0
       3
       0
       1
       1
       0
       1
       2
       0
       0
       2
       1
       4
       0
       0
       2
       1
       3
       0
       2
       0
       2
       0
       1
       0
       1
       2
       1
       1
       1
       0
       1
       2
       1
       1
       0
       0
       2
       0
       0
       1
       2
       1
       3
       1
       2
       0
       2
       0
       0
       1
       1
       2
       0
       1
       3
       2
       2
       1
       0
       0
       0
       0
       2
       0
       1
       1
       0
       2
       1
       0
       1
       2
       0
       1
       0
       0
       2
       1
       0
       1
       0
       2
       4
       0
       1
       1
       1
       1
       3
       2
       1
       1
       0
       1
       1
       2
       0
       0
       0
       0
       0
       1
       0
       3
       1
       0
       0
       1
       1
       2
       0
       1
       0
       2
       1
       1
       2
       0
       0
       2
       0
       1
       0
       1
       1
       3
       0
       1
       2
       1
       0
       0
       0
       1
       1
       3
       2
       5
       2
       0
       1
       1
       1
       2
       5
       2
       2
       1
       0
       0
       0
       2
       2
       0
       3
       2
       0
       0
       1
       0
       0
       1
       1
       0
       1
       2
       2
       4
       1
       0
       1
       0
       1
       2
       0
       1
       0
       2
       1
       1
       2
       2
       2
       2
       1
       0
       0
       0
       2
       2
       2
       1
       0
       0
       0
       4
       2
       0
       0
       0
       2
       1
       0
       1
       0
       1
       1
       1
       1
       1
       3
       0
       0
       2
       2
       1
       0
       1
       2
       1
       0
       1
       1
       0
       0
       0
       3
       1
       1
       1
       1
       1
       0
       1
       1
       0
       2
       2
       2
       1
       1
       0
       0
       4
       0
       1
       2
       1
       1
       1
       3
       1
       0
       0
       0
       0
       1
       2
       1
       1
       2
       1
       2
       1
       1
       0
       1
       1
       1
       1
       3
       0
       1
       1
       0
       0
       3
       0
       0
       3
       2
       1
       2
       1
       2
       1
       1
       0
       1
       0
       1
       1
       1
       0
       0
       2
       1
       1
       0
       2
       2
       0
       1
       0
       0
       0
       0
       1
       1
       0
       0
       0
       3
       0
       1
       0
       2
       0
       0
       0
       0
       1
       0
       1
       0
       1
       0
       0
       3
       1
       1
       0
       1
       0
       0
       0
       1
       0
       0
       1
       1
       1
       2
       1
       0
       1
       1
       0
       0
       1
       1
       1
       0
       1
       0
       0
       0
       0
       1
       0
       0
       1
       1
       1
       0
       0
       0
       0
       1
       0
       0
       0
       0
       1
       1
       3
       0
       1
       0
       0
       0
       1
       2
       1
       3
       1
       0
       1
       1
       0
       0
       0
       0
       0
       0
       1
       0
       1
       1
       2
       1
       1
       1
       0
       0
       2
       1
       0
       1
       1
       1
       0
       1
       1
       0
       2
       1
       0
       1
       0
       1
       1
       1
       0
       0
       0
       0
       3
       0
       0
       0
       0
       1
       3
       1
       1
       0
       0
       1
       0
       2
       1
       1
       2
       0
       0
       2
       0
       1
       0
       0
       1
       0
       0
       1
       0
       0
       0
       1
       1
       1
       1
       1
       0
       0
       0
       0
       1
       1
       0
       4
       0
       1
       0
       0
       0
       0
       0
       0
       2
       1
       0
       0
       0
       1
       0
       0
       2
       1
       0
       1
       0
       0
       0
       0
       0
       1
       0
       1
       1
       0
       0
       0
       0
       0
       2
       0
       1
       2
       0
       2
       0
       0
       1
       1
       1
       0
       0
       0
       1
       0
       3
       2
       2
       1
       1
       0
       0
       0
       2
       0
       1
       0
       1
       0
       0
       0
       0
       0
       0
       0
       1
       1
       1
       0
       0
       0
       0
       0
       0
       0
       0
       1
       0
       0
       0
       0
       1
       1
       1
       0
       0
       0
       2
       0
       1
       0
       1
       0
       0
       0
       1
       0
       1
       0
       0
       0
       0
       0
       0
       1
       4
       0
       1
       1
       1
       0
       0
       0
       2
       1
       0
       2
       1
       2
       1
       0
       0
       1
       0
       0
       2
       0
       3
       1
       2
       0
       0
       0
       2
       2
       0
       0
       0
       0
       0
       0
       0
       0
       2
       1
       2
       0
       0
       2
       2
       0
       1
       0
       1
       2
       2
       0
       1
       1
       1
       1
       2
       2
       1
       0
       1
       0
       1
       0
       1
       1
       1
       1
       1
       0
       0
       1
       0
       0
       0
       0
       0
       2
       1
       0
       1
       0
       0
       0
       0
       0
       1
       0
       2
       0
       0
       0
       0
       0
       1
       0
       0
       0
       1
       2
       0
       1
       0
       0
       0
       0
       0
       2
       1
       0
       1
       3
       0
       0
       2
       1
       1
       0
       3
       2
       0
       2
       0
       0
       0
       1
       0
       1
       2
       0
       1
       1
       1
       1
       0
       0
       0
       1
       2
       2
       1
       4
       0
       0
       1
       3
       0
       0
       0
       0
       1
       0
       1
       1
       0
       0
       1
       1
       2
       0
       0
       0
       2
       0
       0
       0
       1
       0
       0
       1
       0
       0
       0
       2
       1
       1
       1
       0
       0
       0
       0
       2
       4
       2
       0
       0
       0
       2
       0
       0
       1
       0
       2
       2
       0
       0
       0
       1
       1
       0
       1
       0
       1
       0
       1
       0
       0
       2
       0
       0
       1
       0
       1
       1
       2
       0
       1
       0
       0
       0
       1
       0
       0
       1
       0
       1
       1
       0
       1
       0
       0
       0
       0
       3
       3
       0
       1
       0
       1
       0
       1
       0
       0
       1
       0
       1
       1
       2
       0
       1
       0
       0
       0
       1
       1
       2
       0
       0
       2
       0
       1
       1
       1
       0
       0
       0
       0
       0
       1
       1
       1
       2
       0
       0
       0
       1
       0
       2
       0
       1
       0
       0
       1
       0
       0
       0
       0
       0
       1
       0
       2
       0
       0
       0
       1
       0
       1
       0
       2
       2
       0
       0
       0
       3
       1
       0
       0
       0
       2
       0
       2
       0
       2
       1
       1
       0
       2
       0
       0
       1
       1
       0
       2
       1
       1
       1
       1
       1
       0
       1
       0
       3
       0
       0
       0
       0
       0
       1
       0
       1
       0
       0
       1
       2
       0
       1
       2
       1
       0
       0
       1
       1
       3
       0
       0
       1
       0
       0
       0
       2
       1
       2
       0
       0
       0
       0
       1
       1
       0
       2
       0
       0
       0
       1
       1
       0
       0
       0
       0
       0
       0
       0
       0
       0
       0
       0
       0
       0
       0
       0
       1
       0
       0
       2
       0
       0
       1
       0
       0
       4
       0
       2
       0
       0
       0
       0
       0
       1
       0
       0
       3
       0
       1
       0
       0
       0
       0
       0
       0
       1
       1
       2
       0
       1
       1
       0
       0
       0
       1
       3
       1
       1
       0
       1
       1
       0
       0
       0
       2
       0
       1
       2
       0
       0
       0
       1
       0
       0
       0
       0
       0
       0
       1
       0
       1
       0
       2
       0
       1
       2
       0
       0
       0
       1
       0
       0
       0
       0
       1
       1
       2
       1
       0
       1
       0
       1
       0
       1
       0
       1
       1
       0
       0
       1
       0
       0
       1
       0
       0
       2
       0
       0
       1
       0
       2
       1
       0
       0
       0
       0
       1
       0
       0
       0
       1
       0
       0
       0
       0
       0
       1
       1
       2
       0
       1
       1
       0
       2
       0
       2
       0
       0
       0
       0
       0
       0
       0
       0
       0
       0
       1
       0
       0
       0
       1
       0
       0
       0
       0
       0
       0
       3
       1
       0
       0
       0
       1
       0
       2
       0
       0
       2
       0
       0
       0
       0
       0
       0
       1
       0
       4
       0
       0
       2
       1
       0
       0
       0
       1
       0
       1
       1
       0
       1
       1
       0
       0
       0
       1
       0
       0
       1
       2
       0
       1
       0
       1
       3
       0
       1
       1
       2
       0
       0
       1
       0
       0
       0
       0
       1
       0
       1
       0
       0
       1
       0
       0
       1
       0
       0
       0
       1
       0
       0
       2
       0
       0
       0
       1
       1
       2
       2
       0
       0
       0
       0
       0
       0
       0
       0
       0
       0
       1
       1
       0
       1
       0
       0
       0
       1
       0
       0
       2
       0
       1
       0
       1
       0
       0
       0
       1
       1
       0
       0
       0
       1
       0
       0
       0
       0
       0
       0
       0
       0
       1
       0
       0
       0
       0
       0
       0
       0
       0
       0
       0
       1
       1
       1
       0
       0
       0
       0
       0
       0
       0
       0
       0
       0
       1
       0
       0
       2
       0
       0
       0
       1
       0
       0
       1
       0
       0
       0
       1
       0
       0
       0
       1
       1
       1
       0
       1
       1
       0
       0
       1
       0
       1
       0
       2
       0
       0
       0
       0
       1
       1
       1
       0
       1
       0
       0
       0
       2
       0
       0
       0
       0
       0
       0
       1
       0
       2
       0
       0
       1
       0
       0
       0
       0
       0
       0
       0
       0
       2
       0
       1
       0
       0
       0
       0
       0
       0
       0
       0
       0
       0
       0
       1
       1
       0
       1
       1
       0
       0
       0
       0
       0
       0
       0
       0
       0
       1
       0
       0
       0
       1
       1
       1
       1
       1
       0
       0
       1
       0
       0
       1
       0
       1
       1
       1
       0
       0
       0
       0
       0
       1
       0
       1
       0
       0
       0
       1
       2
       0
       0
       0
       0
       1
       0
       0
       0
       0
       0
       0
       0
       1
       0
       0
       1
       0
       2
       0
       1
       1
       0
       2
       0
       0
       0
       0
       0
       1
       0
       1
       1
       0
       1
       0
       0
       0
       0
       1
       1
       0
       0
       1
       0
       0
       0
       1
       0
       0
       1
       0
       0
       1
       1
       1
       0
       0
       1
       0
       0
       0
       0
       0
       0
       1
       0
       0
       0
       1
       0
       1
       0
       0
       0
       0
       1
       0
       0
       2
       3
       0
       0
       1
       0
       1
       2
       1
       0
       0
       0
       1
       1
       0
       1
       0
       2
       1
       2
       0
       0
       0
       0
       1
       0
       0
       1
       1
       1
       1
       1
       0
       0
       0
       0
       0
       2
       0
       2
       1
       1
       0
       0
       0
       2
       3
       0
       2
       1
       0
       0
       0
       0
       0
       0
       0
       0
       0
       0
       0
       0
       0
       1
       1
       0
       0
       0
       0
       0
       0
       2
       0
       0
       1
       0
       0
       0
       1
       1
       0
       0
       0
       0
       0
       0
       0
       1
       0
       1
       0
       2
       0
       0
       0
       0
       1
       1
       0
       1
       0
       0
       0
       0
       0
       0
       0
       0
       0
       0
       0
       0
       0
       1
       2
       2
       0
       0
       0
       0
       0
       0
       1
       0
       0
       0
       0
       2
       0
       1
       0
       1
       0
       0
       1
       0
       1
       0
       0
       0
       1
       0
       0
       0
       1
       1
       2
       0
       0
       0
       0
       0
       0
       0
       1
       1
       1
       2
       0
       2
       0
       2
       1
       0
       1
       1
       0
       0
       0
       0
       0
       1
       0
       2
       1
       0
       2
       1
       0
       0
       0
       0
       1
       0
       0
       2
       1
       0
       0
       0
       0
       1
       0
       0
       0
       0
       0
       0
       0
       0
       0
       1
       1
       0
       0
       0
       2
       0
       0
       0
       0
       1
       0
       1
       1
       1
       0
       0
       0
       0
       0
       0
       0
       0
       2
       1
       0
       0
       1
       1
       0
       0
       0
       1
       1
       1
       1
       0
       0
       0
       0
       1
       1
       1
       0
       0
       0
       1
       0
       2
       0
       0
       0
       0
       0
       2
       0
       3
       2
       0
       0
       0
       1
       0
       0
       0
       1
       2
       1
       0
       1
       0
       0
       1
       0
       0
       1
       0
       1
       2
       1
       0
       0
       1
       0
       0
       0
       0
       1
       0
       0
       1
       0
       0
       3
       3
       0
       0
       0
       0
       0
       0
       0
       1
       1
       0
       1
       0
       0
       1
       0
       0
       1
       0
       0
       2
       2
       0
       0
       0
       1
       0
       1
       1
       0
       0
       0
       1
       0
       0
       1
       1
       0
       1
       0
       0
       1
       0
       0
       1
       0
       1
       0
       0
       0
       3
       2
       0
       0
       0
       0
       1
       0
       0
       2
       0
       0
       0
       0
       0
       0
       0
       2
       2
       0
       1
       1
       0
       1
       0
       1
       0
       1
       2
       0
       0
       0
       0
       0
       1
       0
       1
       3
       0
       0
       4
       0
       1
       1
       0
       0
       1
       2
       0
       1
       1
       0
       0
       0
       1
       0
       0
       2
       0
       1
       0
       0
       0
       1
       2
       1
       2
       0
       0
       1
       0
       0
       1
       0
       0
       0
       1
       1
       2
       0
       3
       0
       0
       1
       1
       1
       2
       1
       0
       1
       0
       1
       1
       0
       0
       0
       1
       0
       0
       0
       2
       1
       1
       0
       3
       1
       1
       0
       4
       1
       1
       1
       0
       1
       0
       2
       1
       1
       1
       1
       1
       0
       0
       0
       0
       2
       0
       0
       0
       1
       1
       0
       0
       0
       1
       0
       0
       0
       2
       0
       0
       1
       2
       0
       0
       0
       1
       0
       1
       1
       1
       1
       0
       1
       0
       1
       2
       0
       2
       0
       0
       1
       0
       1
       1
       0
       2
       1
       1
       0
       0
       4
       0
       0
       1
       0
       0
       1
       1
       0
       1
       0
       1
       0
       2
       1
       1
       1
       0
       0
       1
       0
       0
       0
       0
       1
       0
       1
       2
       2
       4
       0
       1
       0
       2
       0
       1
       0
       0
       3
       2
       2
       0
       1
       0
       0
       0
       0
       0
       1
       0
       0
       3
       0
       0
       0
       3
       0
       0
       1
       0
       1
       0
       0
       1
       1
       1
       0
       0
       1
       0
       2
       1
       1
       0
       0
       2
       0
       1
       0
       0
       2
       0
       1
       0
       0
       0
       0
       1
       0
       1
       2
       0
       1
       1
       0
       1
       2
       0
       0
       1
       1
       0
       1
       2
       1
       1
       0
       2
       0
       1
       0
       1
       0
       3
       2
       0
       1
       0
       0
       1
       0
       0
       0
       1
       0
       3
       0
       0
       0
       2
       0
       1
       0
       1
       2
       0
       0
       1
       1
       0
       1
       1
       1
       0
       0
       1
       2
       0
       1
       0
       0
       1
       0
       1
       1
       0
       0
       0
       1
       1
       0
       1
       0
       0
       1
       1
       0
       2
       0
       0
       0
       0
       0
       2
       0
       0
       1
       2
       0
       1
       0
       1
       0
       0
       0
       0
       0
       2
       0
       0
       1
       0
       1
       0
       0
       0
       0
       0
       0
       1
       0
       0
       0
       2
       2
       0
       1
       1
       0
       2
       0
       1
       0
       2
       1
       1
       1
       0
       0
       1
       2
       0
       0
       1
       1
       0
       0
       0
       1
       1
       0
       1
       0
       0
       1
       1
       1
       0
       1
       0
       0
       1
       0
       1
       1
       1
       1
       0
       2
       0
       2
       1
       0
       1
       0
       1
       0
       0
       0
       1
       0
       0
       1
       1
       0
       0
       0
       0
       2
       1
       2
       0
       1
       2
       0
       1
       2
       0
       0
       1
       0
       0
       1
       0
       0
       1
       0
       0
       0
       0
       1
       0
       0
       1
       0
       0
       0
       0
       1
       1
       1
       0
       0
       1
       0
       0
       0
       0
       0
       0
       0
       2
       0
       0
       0
       2
       0
       0
       0
       1
       0
       0
       1
       0
       0
       1
       0
       0
       0
       0
       1
       0
       0
       0
       1
       1
       0
       0
       0
       0
       0
       0
       0
       1
       2
       0
       0
       0
       1
       0
       3
       1
       1
       0
       0
       0
       0
       0
       0
       0
       0
       1
       0
       0
       0
       0
       0
       0
       0
       0
       0
       0
       0
       0
       1
       0
       0
       0
       0
       1
       0
       0
       0
       3
       1
       0
       0
       0
       0
       2
       2
       1
       1
       1
       0
       0
       0
       0
       1
       1
       0
       0
       0
       0
       0
       1
       0
       0
       1
       0
       0
       2
       1
       2
       0
       1
       0
       0
       0
       2
       1
       1
       1
       0
       0
       1
       0
       0
       0
       0
       1
       0
       0
       1
       2
       0
       1
       1
       0
       0
       2
       2
       1
       1
       0
       2
       0
       0
       0
       0
       1
       0
       2
       2
       0
       0
       0
       0
       2
       0
       1
       2
       2
       2
       3
       0
       1
       0
       1
       3
       1
       1
       1
       0
       0
       1
       0
       1
       2
       1
       0
       2
       1
       1
       0
       1
       0
       1
       0
       0
       2
       0
       0
       1
       1
       1
       1
       1
       1
       0
       3
       3
       0
       1
       2
       2
       2
       3
       2
       0
       1
       3
       0
       2
       1
       0
       1
       3
       0
       3
       2
       1
       1
       2
       0
       2
       0
       0
       3
       3
       0
       4
       3
       3
       1
       0
       2
       2
       1
       2
       0
       0
       1
       3
       1
       0
       3
       2
       1
       0
       2
       0
       3
       0
       2
       3
       0
       0
       0
       1
       1
       1
       0
       0
       0
       0
       0
       2
       2
       2
       0
       0
       1
       2
       0
       0
       1
       2
       1
       3
       0
       0
       3
       1
       0
       0
       0
       0
       0
       0
       0
       0
       0
       0
       0
       0
       1
       2
       0
       0
       1
       0
       1
       0
       0
       0
       0
       0
       1
       0
       0
       0
       0
       0
       0
       1
       0
       0
       1
       0
       0
       0
       0
       1
       1
       0
       0
       0
       0
       0
       0
       0
       0
       0
       0
       0
       0
       0
       0
       1
       0
       0
       0
       0
       0
       0
       0
       0
       0
       0
       0
       0
       0
       0
       0
       0
       1
       0
       1
       0
       0
       0
       0
       0
       0
       0
       0
       0
       0
       0
       0
       1
       0
       0
       0
       0
       0
       0
       0
       0
       1
       0
       0
       0
       0
       0
       0
       1
       0
       0
       0
       0
       0
       0
       0
       0
       0
       0
       0
       0
       0
       0
       0
       0
       0
       1
       0
       0
       0
       0
       1
       0
       0
       0
       0
       0
       1
       0
       0
       0
       0
       0
       0
       0
       0
       0
       0
       0
       0
       0
       0
       0
       0
       0
       0
       0
       0
       0
       0
       0
       0
       0
       0
       0
       0
       0
       0
       0
       0
       0
       0
       0
       0
       0
       0
       0
       0
       0
       0
       0
       0
       0
       0
       0
       0
       0
       0
       0
       0
       0
       0
       0
       0
       0
       0
       0
       0
       0
       0
       0
       0
       0
       0
       0
       0
       0
       0
       0
       0
       0
       0
       0
       0
       0
       0
       0
       0
       0
       0
       0
       0
       0
       0
       0
       0
       0
       0
       0
       0
       0
       0
       0
       0
       0
       0
       0
       0
       0
       0
       0
       0
       0
       0
       0
       0
       0
       0
       0
       0
       0
       0
       0
       0
       0
       0
       0
       0
       0
       0
       0
       0
       0
       0
       0
       0
       0
       0
       0
       0
       0
       0
       0
       0
       0
       0
       0
       0
       0
       0
       0
       0
       0
       0
       0
       0
       0
       0
       0
       0
       0
       0
       0
       0
       0
       0
       0
       0
       0
       0
       0
       0
       0
       0
       0
       0
       0
       0
       0
       0
       0
       0
       0
       0
       0
       0
       0
       0
       0
       0
       0
       0
       0
       0
       0
       0
       0
       0
       0
       0
       0
       0
       0
       0
       0
       0
       0
       0
       0
       0
       0
       0
       0
       0
       0
       0
       0
       0
       0
       0
       0
       0
       0
       0
       0
       0
       0
       0
       0
       0
       0
       0
       0
       0
       0
       0
       0
       0
       0
       0
       0
       0
       0
       0
       0
       0
       0
       0
       0
       0
       0
       0
       0
       0
       0
       0
       0
       0
       0
       0
       0
       0
       0
       0
       0
       0
       0
       0
       0
       0
       0
       0
       0
       0
       0
       0
       0
       0
       0
       0
       0
       0
       0
       0
       0
       0
       0
       0
       0
       0
       0
       0
       0
       0
       0
       0
       0
       0
       0
       0
       0
       0
       0
       0
       0
       0
       0
       0
       0
       0
       0
       0
       0
       0
       0
       0
       0
       0
       0
       0
       0
       0
       0
       0
       0
       0
       0
       0
       0
       0
       0
       0
       0
       0
       0
       0
       0
       0
       0
       0
       0
       0
       0
       0
       0
       0
       0
       0
       0
       0
       0
       0
       0
       0
       0
       0
       0
       0
       0
       0
       0
       0
       0
       0
       0
       0
       0
       0
       0
       0
       0
       0
       0
       0
       0
       0
       0
       0
       0
       0
       0
       0
       0
       0
       0
       0
       0
       0
       0
       0
       0
       0
       0
       2
       3
       1
       0
       0
       1
       0
       1
       0
       1
       3
       0
       0
       2
       3
       1
       1
       0
       2
       2
       1
       1
       1
       0
       0
       1
       2
       1
       1
       1
       0
       2
       1
       1
       2
       1
       0
       1
       2
       1
       0
       0
       0
       1
       1
       0
       2
       4
       1
       0
       0
       2
       1
       1
       0
       0
       0
       0
       0
       1
       0
       1
       2
       0
       2
       0
       1
       0
       2
       1
       1
       1
       0
       1
       1
       0
       1
       0
       1
       0
       1
       1
       0
       0
       2
       2
       1
       1
       1
       3
       0
       1
       1
       0
       1
       1
       1
       1
       2
       3
       1
       1
       0
       1
       1
       1
       0
       0
       1
       0
       0
       2
       1
       0
       0
       2
       3
       1
       0
       1
       2
       2
       0
       0
       1
       0
       1
       1
       1
       1
       1
       0
       1
       3
       1
       0
       1
       1
       2
       0
       2
       1
       1
       1
       1
       0
       0
       0
       1
       0
       2
       0
       0
       2
       3
       1
       2
       2
       1
       1
       1
       1
       2
       1
       2
       1
       1
       1
       1
       1
       4
       3
       3
       1
       2
       0
       2
       1
       2
       1
       1
       0
       0
       0
$ROI:
0
$PRESETS:
Live Time
1200
0
$ENER_FIT:
0.000000 0.000000
$MCA_CAL:
3
0.000000E+000 0.000000E+000 0.000000E+000 
$SHAPE_CAL:
3
0.000000E+000 0.000000E+000 0.000000E+000
