$SPEC_ID:
No sample description was entered.
$SPEC_REM:
DET# 1
DETDESC# VP03 MCB 337
AP# Maestro Version 7.01
$DATE_MEA:
01/24/2018 09:32:16
$MEAS_TIM:
196 203
$DATA:
0 8191
       0
       0
       0
       0
       0
       0
       0
       0
       0
       0
       0
       0
       0
       0
       0
       0
       0
       0
       0
       0
       0
       0
       0
       0
       0
       0
       0
       0
       0
       0
       0
       0
       0
       0
       0
       0
       0
       0
       0
       0
       0
       0
       0
       0
       0
       0
       0
       0
       0
       0
       0
       0
       0
       0
       0
       0
       0
       0
       0
       0
       0
       0
       0
       0
       0
       0
       0
       0
       0
       0
       0
       0
       0
       0
       0
       0
       0
       0
       0
       0
       0
       0
       0
       0
       0
       0
       0
       0
       0
       0
       0
       0
       0
       0
       0
       0
       0
       0
       0
       0
       0
       0
       0
       0
       0
       0
       0
       0
       0
       0
       0
       0
       0
       0
       0
       0
       0
       0
       0
       0
       0
       0
       0
       0
       0
       0
       0
       0
       0
       0
       0
       0
       0
       0
       0
       0
       0
       0
       0
       0
       0
       0
       1
       0
       0
       0
       0
       0
       0
       0
       0
       0
       0
       0
       0
       0
       0
       0
       0
       0
       0
       0
       0
       0
       0
       0
       0
       0
       0
       0
       0
       0
       1
       0
       0
       0
       0
       0
       0
       0
       0
       0
       0
       0
       0
       0
       0
       2
       5
      14
      32
      46
      48
     100
     103
     122
     174
     197
     256
     246
     264
     271
     284
     302
     317
     307
     338
     345
     374
     366
     377
     371
     417
     392
     391
     387
     397
     402
     420
     414
     387
     417
     445
     420
     434
     417
     388
     424
     400
     422
     369
     425
     410
     393
     435
     418
     440
     397
     406
     428
     400
     397
     415
     428
     392
     416
     416
     452
     400
     446
     415
     438
     414
     418
     428
     393
     398
     467
     434
     409
     427
     410
     393
     414
     415
     440
     425
     412
     417
     450
     410
     422
     410
     423
     416
     405
     422
     412
     438
     411
     443
     403
     423
     431
     382
     407
     418
     424
     382
     436
     412
     389
     400
     424
     430
     404
     419
     418
     442
     401
     412
     414
     403
     406
     394
     438
     436
     450
     425
     441
     412
     402
     445
     476
     423
     448
     415
     413
     421
     404
     408
     408
     413
     439
     390
     427
     430
     371
     404
     433
     382
     391
     436
     420
     445
     402
     350
     400
     366
     371
     411
     402
     422
     393
     405
     412
     427
     420
     402
     401
     403
     402
     415
     415
     384
     403
     373
     406
     437
     349
     366
     426
     398
     417
     371
     412
     392
     404
     419
     382
     391
     367
     394
     421
     410
     393
     439
     388
     414
     361
     406
     445
     383
     391
     403
     419
     424
     382
     413
     397
     361
     387
     364
     364
     425
     374
     374
     414
     383
     395
     364
     375
     409
     424
     365
     397
     386
     430
     399
     413
     403
     388
     421
     368
     365
     356
     390
     421
     379
     417
     410
     372
     407
     356
     341
     365
     369
     349
     364
     406
     384
     363
     358
     376
     351
     375
     373
     344
     385
     362
     356
     391
     364
     378
     386
     364
     355
     371
     384
     386
     349
     363
     374
     427
     346
     371
     353
     383
     347
     399
     381
     354
     382
     386
     343
     373
     367
     359
     360
     363
     354
     402
     383
     400
     402
     366
     369
     350
     363
     403
     400
     373
     371
     351
     383
     356
     385
     355
     375
     389
     352
     360
     331
     356
     346
     313
     307
     365
     323
     357
     359
     350
     370
     364
     321
     332
     338
     379
     381
     361
     354
     376
     368
     367
     368
     364
     363
     374
     384
     358
     386
     378
     358
     363
     342
     369
     372
     355
     379
     357
     360
     363
     366
     362
     354
     364
     355
     366
     369
     337
     352
     371
     354
     400
     353
     339
     359
     391
     392
     382
     364
     351
     382
     365
     377
     356
     342
     369
     360
     353
     395
     388
     338
     369
     343
     368
     342
     436
     369
     342
     352
     383
     371
     375
     384
     362
     355
     389
     376
     379
     341
     346
     358
     371
     357
     372
     374
     349
     363
     354
     390
     361
     374
     402
     382
     414
     352
     344
     384
     391
     372
     367
     377
     316
     404
     381
     351
     395
     394
     393
     382
     397
     355
     373
     348
     379
     379
     341
     383
     373
     400
     392
     362
     356
     371
     354
     382
     366
     392
     411
     378
     349
     380
     410
     359
     384
     389
     389
     367
     361
     388
     368
     372
     382
     381
     387
     376
     361
     358
     378
     359
     349
     388
     361
     354
     339
     344
     358
     368
     355
     382
     339
     338
     366
     382
     298
     324
     315
     386
     373
     347
     351
     379
     365
     353
     337
     382
     348
     352
     370
     357
     368
     337
     370
     351
     323
     355
     354
     351
     331
     329
     341
     370
     353
     383
     347
     326
     325
     340
     384
     350
     336
     356
     341
     332
     325
     361
     343
     345
     333
     353
     334
     344
     306
     312
     337
     323
     319
     339
     301
     339
     310
     339
     305
     322
     312
     287
     290
     325
     278
     278
     284
     292
     335
     305
     315
     296
     306
     314
     261
     298
     328
     290
     294
     294
     313
     336
     301
     293
     300
     298
     259
     312
     348
     287
     319
     334
     271
     268
     295
     308
     295
     286
     260
     275
     287
     272
     288
     293
     305
     297
     252
     284
     286
     307
     299
     288
     275
     292
     294
     270
     291
     285
     259
     260
     275
     292
     256
     264
     288
     251
     282
     288
     259
     256
     262
     259
     275
     265
     253
     258
     257
     271
     244
     235
     293
     252
     271
     250
     260
     259
     254
     262
     261
     250
     259
     264
     290
     267
     247
     256
     257
     273
     286
     259
     239
     279
     268
     249
     246
     257
     267
     265
     255
     270
     261
     252
     254
     258
     238
     247
     257
     245
     222
     254
     247
     261
     259
     240
     242
     230
     238
     246
     252
     226
     243
     241
     247
     259
     243
     233
     221
     226
     243
     271
     247
     241
     257
     243
     255
     239
     263
     239
     232
     208
     247
     255
     235
     209
     233
     261
     241
     222
     234
     261
     243
     251
     234
     216
     210
     235
     225
     245
     237
     231
     213
     228
     239
     215
     225
     215
     220
     228
     226
     218
     208
     244
     215
     203
     216
     228
     214
     218
     208
     206
     218
     237
     227
     200
     236
     223
     220
     207
     238
     211
     211
     256
     195
     226
     206
     203
     257
     194
     215
     232
     192
     200
     205
     226
     225
     219
     208
     219
     214
     210
     198
     194
     215
     185
     225
     193
     182
     209
     209
     205
     216
     195
     187
     221
     200
     207
     206
     228
     183
     206
     193
     221
     182
     224
     196
     214
     225
     186
     201
     194
     181
     197
     210
     220
     182
     202
     201
     218
     184
     188
     203
     214
     219
     212
     192
     189
     223
     213
     198
     216
     184
     205
     202
     203
     187
     191
     190
     206
     185
     186
     181
     187
     222
     182
     174
     172
     183
     177
     204
     209
     197
     210
     179
     203
     197
     169
     211
     196
     203
     192
     197
     195
     203
     203
     183
     204
     188
     187
     197
     194
     195
     182
     186
     189
     184
     195
     172
     201
     188
     206
     177
     182
     183
     165
     193
     193
     185
     194
     177
     197
     207
     192
     204
     197
     211
     178
     200
     167
     183
     181
     194
     179
     173
     207
     195
     188
     173
     197
     182
     186
     177
     196
     186
     163
     178
     189
     201
     184
     153
     191
     184
     176
     173
     159
     183
     185
     174
     175
     220
     186
     185
     155
     159
     168
     180
     168
     164
     168
     184
     156
     183
     162
     180
     165
     160
     171
     182
     179
     183
     193
     154
     156
     161
     177
     177
     149
     160
     176
     169
     147
     170
     153
     151
     182
     195
     169
     188
     166
     154
     165
     170
     186
     163
     179
     142
     164
     178
     162
     163
     157
     169
     166
     172
     194
     172
     168
     148
     176
     157
     170
     177
     155
     141
     159
     136
     152
     131
     182
     153
     167
     158
     159
     145
     158
     174
     159
     167
     154
     155
     155
     143
     180
     148
     157
     153
     180
     162
     161
     143
     158
     152
     179
     131
     157
     168
     158
     143
     139
     145
     160
     164
     183
     149
     148
     154
     156
     132
     174
     169
     169
     158
     138
     164
     146
     129
     165
     145
     134
     149
     156
     159
     148
     143
     146
     145
     162
     151
     136
     131
     154
     165
     175
     165
     150
     156
     133
     154
     193
     144
     155
     145
     149
     150
     167
     137
     123
     124
     145
     138
     137
     133
     147
     147
     165
     153
     159
     157
     153
     153
     155
     152
     146
     138
     130
     152
     150
     159
     153
     147
     147
     140
     141
     170
     172
     176
     165
     160
     169
     130
     140
     145
     149
     129
     168
     152
     137
     145
     136
     138
     138
     142
     140
     156
     139
     162
     147
     154
     150
     155
     126
     165
     135
     158
     148
     144
     128
     143
     144
     146
     145
     156
     143
     116
     136
     130
     153
     141
     129
     143
     151
     127
     160
     143
     126
     124
     149
     173
     151
     154
     141
     122
     133
     134
     158
     123
     130
     144
     148
     150
     153
     161
     161
     136
     144
     138
     138
     136
     144
     145
     147
     158
     142
     135
     129
     140
     140
     128
     130
     127
     137
     141
     159
     137
     135
     139
     125
     127
     135
     122
     118
     130
     136
     144
     143
     147
     139
     120
     135
     163
     145
     130
     169
     149
     116
     131
     141
     155
     139
     124
     153
     134
     140
     148
     150
     138
     118
     157
     133
     149
     128
     152
     128
     138
     140
     130
     133
     154
     162
     137
     140
     149
     127
     146
     135
     122
     124
     114
     136
     149
     122
     149
     125
     133
     139
     111
     139
     143
     146
     141
     136
     150
     147
     134
     163
     130
     149
     154
     140
     143
     128
     134
     143
     130
     130
     146
     153
     125
     147
     139
     144
     135
     129
     124
     118
     138
     139
     144
     131
     124
     115
     129
     119
     130
     145
     147
     129
     130
     151
     134
     123
     131
     139
     141
     144
     135
     127
     131
     133
     156
     140
     119
     152
     147
     139
     154
     123
     122
     156
     147
     119
     139
     141
     130
     135
     130
     132
     122
     131
     103
     122
     119
     138
     132
     147
     165
     121
     132
     131
     127
     141
     151
     136
     120
     143
     125
     116
     137
     141
     117
     144
     118
     142
     140
     138
     135
     135
     142
     146
     129
     140
     117
     135
     133
     119
     122
     133
     125
     133
     147
     122
     112
     130
     151
     122
     148
     147
     113
     116
     131
     145
     145
     128
     128
     131
     140
     127
     126
     124
     138
     133
     134
     134
     139
     125
     124
     121
     137
     132
     131
     143
     126
     130
     153
     120
     128
     125
     133
     108
     133
     145
     120
     133
     129
     112
     140
     117
     146
     116
     126
     129
     131
     135
     135
     116
     133
     122
     137
     124
     141
     121
     133
     129
     128
     137
     137
     132
     108
     138
     131
     150
     132
     160
     122
     145
     119
     115
     126
     139
     149
     138
     150
     127
     148
     120
     125
     129
     123
     140
     131
     136
     130
     127
     135
     111
     116
     154
     133
     111
     133
     146
     127
     135
     116
     107
     108
     137
     128
     129
     137
     126
     137
     133
     127
     134
     125
     110
     131
     159
     140
     109
     107
     121
     118
     130
     144
     132
     141
     138
     130
     139
     143
     139
     134
     129
     111
     135
     126
     117
     120
     117
     142
     149
     116
     127
     118
     130
     149
     142
     147
     122
     122
     127
     133
     114
     127
     115
     124
     142
     120
     127
     103
     127
     115
     135
     133
     128
     121
     129
     121
     128
     136
     140
     131
     123
     116
     136
     137
     135
     122
     106
     127
     138
     133
     134
     139
     133
     143
     114
     115
     151
     118
     148
     133
     131
     153
     138
     133
     146
     136
     129
     126
     108
     143
     120
     155
     131
     131
     120
     126
     137
     131
     146
     136
     152
     112
     128
     134
     135
     130
     139
     120
     108
     128
     135
     127
     141
     135
     105
     143
     135
     125
     144
     127
     129
     132
     118
     136
      98
     145
     135
     133
     133
     118
     138
     110
     141
     119
     135
     115
     120
     138
     133
     134
     117
     133
     112
     129
     121
     129
     121
     127
     114
     119
     131
     119
     145
     122
     122
     130
     112
     127
     132
     133
     122
     115
     115
     121
     107
     125
     126
     127
     131
     131
     141
     141
     133
     129
     111
     115
     110
     135
     140
     126
     127
     131
     129
     132
     133
     105
     127
     119
     116
     117
     135
     141
     119
     147
     126
      97
     107
     131
     108
     144
     141
     120
     124
     129
     145
     130
     133
     121
     118
     129
     124
     113
     128
     123
     113
     124
     126
     138
     133
     121
     133
     123
     118
     130
     135
     123
     141
     134
     133
     111
     133
     117
     143
     129
     124
     148
     132
     118
     125
     115
     128
     121
     129
     114
     120
     112
     117
     107
     124
     110
     128
     139
     113
     143
     126
     125
     127
     117
     104
     129
     130
     123
     125
     122
     113
     110
     117
     119
     130
     131
     129
     140
     127
     123
     121
     113
     126
     122
     127
     112
     125
     122
     117
     136
     103
     120
     101
     135
     112
     132
     118
     149
     113
     118
     116
     125
     129
     132
     111
     123
     111
     122
      98
     117
     116
     134
     105
     133
     124
     106
     112
     116
     112
     121
     110
     117
     103
     138
      99
     125
     120
     124
     118
     136
     137
     118
     125
     120
     121
     118
     116
     107
     132
     115
     125
     113
     120
     134
     138
     114
     101
     131
     101
     119
     146
     153
     111
     116
     140
     109
      96
     121
     115
      97
     122
     104
     129
     105
     123
     110
     124
     120
     138
     118
     110
     115
     130
     134
     134
     115
     114
     109
     110
     107
     110
     113
     108
     112
     111
     108
     107
     114
     109
     111
     119
     127
     115
     117
     124
     121
     103
      99
     125
      88
     111
     131
     129
     126
     117
     108
     133
      92
     117
     101
     136
     102
     123
     104
     150
     130
     121
     113
     107
     125
     118
     110
     115
     122
     142
     118
     106
     113
     120
     116
     112
     122
     108
     121
     103
     129
     109
     101
     108
     132
     133
     114
     103
     114
     120
     121
     120
     123
     120
     131
     103
     129
     125
     112
     117
     110
     135
     115
     112
     108
     105
     123
     133
     114
     104
     100
     123
     121
     129
     115
     114
     106
     104
     124
     118
     123
     104
     107
     128
     117
     106
     120
     128
     132
     112
     126
     116
     142
     126
     125
     103
     115
     138
     125
     123
     122
     131
     116
     158
     134
     106
     138
     119
     101
     114
     120
     102
     121
     103
     135
     118
     119
     126
     140
     105
     107
     124
     110
     108
     118
     126
     137
     119
     120
     127
     118
     132
     108
     113
     111
     117
     144
     108
     119
     103
     124
     127
     122
     129
     131
     110
     107
     123
     129
     107
     139
     118
     126
     132
     116
     122
     130
     137
     126
     109
     127
     123
     112
     100
     122
     122
     103
     136
     131
     128
     123
     129
     118
     106
     126
     108
     114
     117
     109
     105
     127
     114
     130
     113
     110
     103
     115
     119
     122
     121
     121
     107
     110
     109
     131
     135
     123
     142
     107
     118
     121
     122
     122
     116
     117
     107
     127
     112
     126
     115
     117
     128
     141
     133
     124
     124
     112
     115
     104
     137
     126
     144
     133
     112
     134
     113
     128
     119
     124
     127
     120
     100
     121
     116
     119
     118
     129
     110
     120
     114
     116
     131
     121
     128
     131
     131
     128
     138
     124
     118
     139
     129
     105
     114
     115
     118
     121
     108
     120
     109
     112
     123
     119
     126
     120
     134
     125
     114
     133
     127
     127
     138
     128
     114
     107
     119
     131
     116
     124
     113
     122
     118
     128
     114
     119
     108
     128
     116
     108
     112
     140
     125
     131
     122
     127
     121
     127
     117
     130
     135
     145
     134
     111
     135
     121
     103
     132
     127
     100
     100
     134
     132
     138
     128
     131
     138
     111
     121
     123
     118
     125
     129
     126
     101
     151
     141
     110
     127
     132
     112
     115
     113
     129
      92
     114
     100
     135
     128
     129
     123
     129
     138
     123
     116
     131
     108
     113
     121
     132
     140
     109
     120
     119
     122
     137
     133
     115
     122
     125
     108
     115
     138
      96
     129
     125
     124
     127
     133
     130
     128
     121
     141
     130
     125
     125
     124
     114
     126
     117
     126
     133
     117
     131
     134
     137
     117
     141
     119
     115
     128
     107
     118
     127
     131
     128
     115
     133
     118
     124
     122
     119
     126
     129
     122
     132
     127
     108
     103
     119
     124
     129
     123
     103
     126
     116
     115
     124
     133
     133
     131
     148
     114
     145
     130
     138
     122
     118
     126
     132
     106
     129
     114
     146
     124
     102
     124
     124
     124
     125
     133
     119
     112
     128
     132
     143
     121
     108
     125
     124
     146
     124
     120
     111
     127
     118
     132
     126
     121
     117
     136
     127
     124
     128
     151
     130
     133
     143
     116
     110
     132
     122
     121
     137
     109
     127
     126
     123
     132
     112
     140
     124
     134
     131
     128
     130
     116
     118
     125
     117
     123
     115
      82
     142
     126
     109
     141
     111
     131
     125
     129
     133
     106
     122
     126
     133
     138
     135
     123
     118
     140
     124
     132
     119
     132
     117
     120
     144
      97
     154
     152
     104
     115
     132
     129
     135
     132
     125
     119
     132
     145
     129
     129
     120
     126
     135
     128
     141
     131
     143
     124
     135
     151
     133
     138
     152
     153
     104
     133
     137
     147
     101
     136
     123
     127
     134
     134
     127
     129
     137
     141
     113
     131
     133
     120
     134
     136
     123
     125
     142
     116
     106
     144
     133
     113
     120
     137
     137
     117
     143
     134
     117
     127
     128
     113
     132
     120
     132
     109
     137
     113
     118
     125
     128
     123
     139
     111
     122
     137
     118
     129
     130
      97
     126
     127
     110
     145
     114
     117
     142
     107
     123
     127
     139
     115
     121
     122
     132
     122
     130
     127
     100
     105
     129
     138
     139
     125
     109
     141
     119
     115
     138
     105
     140
     124
     120
     128
     107
     112
     121
     102
     110
     138
     131
     122
     149
     150
     142
     118
     122
     137
     136
     122
     148
     120
     125
     134
     145
     141
     140
     148
     113
     121
     129
     111
     131
     115
     123
     115
     125
     127
     133
     120
     112
     128
     132
     145
     125
     120
     111
     104
     106
     133
     113
     120
     119
     121
     115
     129
     119
     113
     133
     107
     136
     111
     131
     118
     123
     124
     153
     118
     112
     123
     130
     118
     112
     125
     120
     128
     124
     117
     132
     121
     133
     125
     144
     108
     126
     124
     124
     127
     114
     113
     121
     127
     116
     149
     117
     119
     130
     136
     118
     117
     129
     109
     123
     124
     117
     117
     126
     104
     114
     108
     122
     116
     114
     116
     105
     127
     116
     125
     108
     105
     132
     135
     109
     112
     102
     121
     123
     105
     100
     108
     132
      93
     124
     112
     122
     116
     111
      99
     135
     125
     133
     110
     111
     135
     126
      98
     120
     121
     110
     103
     117
     118
     127
     124
     127
     119
     118
     126
     109
     111
     100
     113
     135
     130
     105
     132
     127
     113
     109
     115
     111
     123
     113
      95
     101
     122
     128
     116
     125
     117
     107
      93
      94
     105
     126
     115
     121
     108
     115
      97
      97
     110
     122
     109
      89
      97
     104
     120
     126
     106
     113
     106
     112
     118
     109
     115
     115
     114
     107
     100
     123
     102
     114
      73
      89
     115
     113
     112
     107
     126
      97
      99
     105
     102
      95
      95
     109
     122
     102
     112
      91
     102
      89
     109
     103
      94
     108
     117
     113
     119
      90
     105
      97
     120
     103
     125
      83
      99
      97
     108
      93
      93
     116
      96
     119
      92
     111
     101
     106
      91
      98
     100
     119
     103
     109
     110
     101
     102
      99
     105
     102
     103
     109
      96
      96
     104
     103
      77
      82
      85
     102
      83
      98
      85
     103
      90
     102
      96
     107
     119
      98
     105
      90
      88
     102
      92
      95
     109
      99
      95
      95
     100
      92
     112
     106
     107
      90
      89
      96
     104
     104
     105
     108
      98
      95
      88
      93
      87
     109
     100
      97
     111
     102
     109
      95
      95
      92
      96
      94
      89
      92
      82
      86
      84
     127
      94
      81
     108
     100
      90
     103
      98
      77
     106
      89
      79
      86
      73
      81
      90
      90
     108
     113
     117
      88
      99
     117
      75
     124
      89
      95
     109
      93
      89
      97
     111
     115
     102
     103
      79
      76
     104
      93
      71
     114
      87
      98
      86
      93
      87
      92
     100
     100
      87
      90
      89
      90
      99
     111
      84
     101
     101
      90
     108
      95
     100
      99
      96
      96
      98
     102
      94
      93
     118
     100
      98
     102
     105
      95
      88
      84
      99
     103
     107
      94
      99
      89
      86
     105
     102
     106
     109
     104
     111
     100
      92
      88
     109
      97
     101
     107
      93
      88
     106
     105
     122
     103
      86
     111
     113
      96
      89
     108
      94
      92
      91
     109
      85
     107
     120
     127
     104
      95
      84
     110
      93
     103
     106
     116
     108
     111
     114
     113
     102
      99
     121
     112
     123
     118
     108
     103
     107
     121
     110
      97
     104
     102
     116
     111
     109
     112
      93
     120
      83
     118
     121
      90
     103
     111
     111
     109
     112
     112
     118
     127
     124
      87
     125
     113
     121
     131
     118
     144
     118
     121
     105
     125
     124
     105
     124
     114
     121
     125
     115
     123
     115
     131
     141
     124
     100
     117
     137
     125
     134
     116
     128
     115
     132
     127
     138
     147
     121
     127
     132
     127
     141
     140
     122
     133
     126
     129
     142
     154
     146
     145
     120
     145
     159
     132
     165
     153
     128
     141
     133
     132
     140
     123
     174
     148
     153
     159
     148
     146
     143
     153
     172
     167
     139
     158
     162
     175
     157
     172
     161
     148
     175
     176
     180
     152
     169
     182
     161
     154
     151
     151
     165
     150
     150
     155
     187
     191
     180
     190
     208
     161
     170
     185
     188
     189
     182
     182
     188
     193
     176
     219
     191
     210
     206
     189
     217
     212
     186
     179
     181
     202
     177
     208
     222
     202
     184
     214
     223
     202
     213
     179
     198
     196
     221
     213
     215
     205
     211
     209
     238
     211
     204
     214
     229
     254
     250
     228
     233
     244
     238
     247
     235
     262
     216
     219
     233
     241
     257
     239
     255
     234
     242
     238
     261
     255
     283
     258
     255
     252
     234
     259
     249
     264
     294
     267
     274
     278
     248
     278
     264
     261
     259
     278
     272
     292
     250
     282
     281
     271
     278
     283
     305
     290
     259
     254
     265
     277
     275
     282
     294
     279
     316
     318
     304
     267
     289
     290
     325
     285
     289
     300
     296
     264
     277
     325
     349
     303
     307
     328
     299
     328
     309
     322
     312
     302
     334
     315
     292
     284
     294
     347
     355
     325
     308
     331
     335
     354
     335
     349
     340
     339
     348
     330
     330
     333
     340
     311
     363
     353
     308
     378
     377
     336
     359
     345
     356
     320
     335
     357
     338
     348
     358
     344
     354
     321
     383
     360
     309
     308
     332
     365
     360
     376
     318
     327
     397
     319
     360
     338
     361
     329
     329
     387
     342
     375
     361
     374
     407
     336
     369
     344
     343
     355
     370
     384
     358
     373
     354
     373
     391
     364
     361
     366
     368
     344
     356
     358
     354
     345
     354
     360
     374
     427
     361
     377
     342
     395
     382
     338
     386
     369
     394
     352
     358
     382
     368
     361
     351
     370
     373
     358
     400
     346
     348
     365
     385
     375
     356
     348
     352
     377
     368
     366
     400
     374
     364
     345
     344
     342
     346
     364
     336
     398
     393
     358
     337
     344
     343
     349
     386
     334
     387
     353
     371
     384
     343
     349
     349
     377
     368
     339
     364
     365
     355
     359
     350
     352
     368
     332
     376
     347
     308
     354
     368
     340
     308
     346
     343
     357
     345
     331
     349
     331
     332
     313
     358
     317
     348
     337
     342
     367
     290
     314
     341
     357
     363
     344
     320
     344
     302
     306
     278
     324
     361
     307
     330
     331
     298
     278
     301
     308
     334
     323
     286
     334
     304
     307
     281
     290
     303
     317
     330
     288
     313
     303
     317
     309
     309
     276
     322
     312
     294
     289
     318
     312
     290
     333
     306
     265
     290
     279
     300
     278
     315
     265
     307
     292
     300
     274
     275
     253
     261
     295
     298
     294
     256
     266
     272
     274
     283
     241
     256
     241
     266
     285
     258
     255
     262
     269
     251
     259
     271
     277
     280
     285
     256
     243
     247
     253
     248
     275
     242
     253
     280
     281
     276
     257
     244
     278
     250
     258
     242
     251
     260
     245
     248
     244
     220
     231
     273
     260
     228
     235
     208
     252
     240
     235
     241
     208
     229
     216
     212
     232
     236
     213
     212
     234
     236
     239
     243
     241
     231
     215
     243
     225
     220
     232
     214
     202
     242
     219
     285
     235
     244
     235
     236
     225
     236
     214
     232
     238
     232
     211
     212
     225
     223
     222
     217
     215
     228
     226
     217
     222
     220
     233
     219
     234
     242
     230
     200
     221
     220
     217
     235
     225
     227
     231
     206
     202
     230
     206
     207
     224
     217
     253
     257
     220
     198
     236
     223
     226
     228
     239
     228
     229
     239
     193
     206
     208
     244
     231
     219
     205
     247
     211
     234
     204
     216
     234
     206
     240
     211
     216
     227
     243
     256
     250
     226
     231
     222
     208
     256
     240
     238
     197
     220
     242
     248
     243
     251
     248
     258
     251
     251
     241
     244
     254
     240
     252
     236
     212
     227
     225
     248
     261
     223
     246
     247
     218
     279
     272
     227
     257
     284
     267
     236
     262
     251
     251
     251
     236
     236
     256
     266
     255
     243
     242
     277
     257
     281
     257
     241
     279
     252
     276
     283
     273
     260
     261
     250
     274
     299
     251
     272
     228
     252
     254
     290
     263
     245
     281
     295
     274
     271
     247
     304
     270
     264
     261
     285
     332
     265
     294
     292
     291
     255
     278
     282
     279
     285
     303
     252
     265
     255
     314
     305
     282
     261
     302
     296
     266
     294
     283
     278
     294
     320
     279
     307
     288
     247
     278
     294
     289
     284
     326
     275
     277
     280
     297
     287
     306
     268
     300
     304
     309
     310
     270
     300
     304
     292
     299
     300
     332
     295
     304
     305
     294
     301
     307
     312
     330
     307
     278
     315
     296
     306
     297
     287
     276
     279
     300
     260
     315
     301
     295
     316
     295
     339
     300
     290
     323
     306
     271
     309
     325
     315
     298
     319
     307
     294
     298
     302
     316
     303
     295
     295
     277
     309
     280
     279
     344
     266
     313
     313
     295
     351
     298
     326
     336
     292
     309
     290
     301
     310
     279
     296
     282
     304
     285
     312
     310
     278
     255
     289
     252
     291
     283
     314
     277
     299
     315
     281
     285
     282
     278
     282
     303
     294
     278
     261
     286
     281
     290
     279
     306
     332
     262
     292
     305
     294
     287
     267
     265
     276
     250
     269
     266
     277
     272
     286
     264
     274
     272
     284
     256
     267
     277
     276
     253
     278
     252
     264
     270
     248
     232
     236
     246
     290
     264
     265
     245
     240
     262
     272
     258
     288
     260
     228
     269
     261
     257
     266
     252
     272
     266
     243
     264
     283
     261
     272
     245
     228
     232
     253
     265
     254
     250
     215
     227
     219
     222
     237
     260
     254
     231
     233
     234
     214
     256
     215
     245
     203
     218
     226
     229
     248
     232
     217
     223
     202
     201
     207
     230
     230
     206
     217
     189
     217
     181
     197
     213
     200
     217
     194
     201
     199
     200
     208
     222
     191
     210
     188
     198
     205
     185
     206
     210
     193
     193
     189
     192
     178
     174
     178
     180
     178
     178
     174
     189
     172
     172
     177
     153
     178
     175
     143
     186
     172
     154
     157
     152
     143
     158
     155
     157
     161
     157
     151
     152
     169
     174
     172
     141
     167
     125
     130
     170
     128
     140
     152
     113
     132
     156
     144
     145
     153
     155
     133
     146
     131
     126
     133
     142
     139
     128
     134
     126
     104
     116
     106
     138
     121
     139
     121
     140
     135
     122
     124
     123
     130
     101
     120
     119
      99
     115
     119
      99
     103
     111
     105
     107
     104
     100
      96
      73
     102
      95
     123
      99
     111
     112
     106
      85
     110
     108
     106
      98
      85
      93
      96
      88
      87
      84
      93
      75
      84
      92
      84
      91
      90
      91
      85
      77
      80
      74
      84
      82
      95
      79
      84
      82
      81
      60
      78
      71
      75
      71
      67
      74
      94
      70
      75
      68
      85
      68
      74
      75
      65
      77
      65
      92
      70
      73
      76
      58
      60
      78
      67
      64
      68
      91
      59
      54
      68
      63
      51
      61
      48
      65
      49
      49
      53
      58
      59
      53
      55
      68
      66
      57
      52
      58
      62
      50
      58
      69
      52
      46
      53
      43
      59
      59
      55
      49
      33
      54
      45
      55
      51
      47
      43
      54
      51
      45
      49
      54
      59
      47
      39
      49
      49
      47
      43
      43
      49
      27
      55
      36
      35
      29
      42
      43
      23
      31
      31
      44
      34
      38
      36
      42
      29
      36
      40
      36
      36
      43
      35
      34
      35
      34
      44
      38
      31
      35
      36
      38
      33
      36
      36
      35
      40
      31
      44
      21
      25
      21
      33
      32
      27
      35
      37
      21
      33
      19
      47
      22
      27
      17
      30
      20
      27
      19
      17
      34
      39
      15
      29
      33
      27
      30
      26
      32
      22
      24
      27
      28
      28
      24
      23
      20
      28
      19
      23
      23
      25
      27
      18
      24
      21
      24
      23
      25
      32
      14
      16
      16
      17
      17
      15
      20
      10
      16
      16
      12
      21
      15
      21
      16
      19
      24
      19
      28
      18
      21
      19
      16
      21
      25
      19
      16
      21
      14
      18
      19
      19
      12
      21
      22
      15
      13
      14
      24
      17
       8
      13
      11
      12
      17
       8
      18
      11
      14
      14
      10
      18
      21
      16
      23
       7
      17
      16
      14
      21
      12
      10
      17
      13
      15
       8
      14
      16
      11
      16
      12
      13
       7
      16
      18
      17
      21
      15
      18
      16
      13
      16
       7
      11
      13
      11
      20
      11
      12
      16
      20
      10
       9
      12
       9
      10
      15
       3
      10
      13
      12
       8
      11
      12
      18
      14
      15
      13
      12
      17
      15
       7
      14
      10
       8
      15
      12
      13
      10
      14
      14
       8
      13
      10
      11
       8
       9
      12
       8
       7
      13
      10
      10
      11
       7
      11
      13
       9
      13
      16
      10
       4
       4
       7
       9
       8
      11
      14
       4
       9
       9
       8
      12
       6
      14
       8
       9
       8
       8
       8
      17
       2
       9
       8
       4
      10
       9
       7
       6
       5
       8
       8
       6
      11
       6
       6
       4
       5
       8
       9
      12
       9
       5
       6
       5
      10
       9
       8
      13
       9
      11
       7
      10
       7
       6
       3
       7
       7
       7
       9
       7
      10
       6
       9
       6
       7
       6
       4
       5
       3
       6
      11
       9
       8
       5
       3
       5
       8
       3
      15
       3
       2
       6
       6
       9
      11
       8
       3
       3
       6
       2
      11
      10
      12
       3
       6
       9
       3
       4
       5
       8
       5
      11
       6
       5
       6
       8
       5
       8
       3
       5
       6
       6
       3
       4
       5
       9
      13
       5
       5
       1
       5
       4
      10
       4
       7
       8
       6
       6
       6
       7
       5
       5
       7
       6
       5
       2
       6
       4
       7
       8
       4
       4
       6
       2
       4
       5
       6
       5
       5
       7
       5
       4
       4
       1
       4
       5
       6
      11
       3
       7
       4
       5
       7
       5
       3
       3
       4
       5
       7
       8
       5
      10
       6
       8
       3
       7
       6
       8
       2
       8
       4
       5
       5
       6
       2
       5
       4
       1
       3
       7
       4
       5
       4
       4
       5
       3
       9
       4
      10
       6
       8
      10
       7
       5
       2
       4
       1
       4
       2
       4
       4
       4
       6
       3
       5
       6
       2
       8
       4
       3
       4
       3
       3
       2
       6
       3
       4
       8
       3
       2
       2
       5
       4
       6
       8
       4
       4
       7
       5
       4
       4
       4
       5
       3
       3
       3
       1
       3
       4
       4
       2
       2
       1
       5
       2
       2
       3
       2
       7
       2
       1
       8
       5
       5
       2
       4
       7
       3
       6
       7
       4
       4
       3
       4
       2
       3
       2
       5
       3
       4
       5
       5
       3
       8
       3
       3
       1
       3
       6
       3
       5
       3
       4
       4
       4
       3
       3
       6
       4
       1
       6
       4
       7
       4
       5
       2
       0
       8
       4
       5
       2
       3
       6
       7
       2
       6
       4
       7
       9
       4
       1
       6
       2
       2
       7
       3
       7
       2
       2
       2
       4
       5
       5
       1
       3
       3
       3
       4
       2
       3
       5
       3
       2
       5
       4
       5
       4
       3
       5
       6
       6
       4
       3
       3
       2
       4
       1
       2
       4
       7
       4
       2
       5
       6
       0
       1
       2
       4
       6
       1
       5
       5
       4
       1
       4
       6
       1
       3
       1
       6
       2
       1
       2
       6
       6
       5
       2
       1
       4
       4
       2
       6
       5
       2
       5
       7
       3
       7
       4
       4
       5
       4
       4
       2
       0
       4
       3
       7
       3
       5
       4
       5
       2
       1
       3
       7
       3
       5
       8
       5
       4
       4
       3
       5
       2
       3
       6
      11
       3
       2
       4
       4
       1
       6
       5
       4
       2
       6
       0
       4
       5
       3
       3
       2
       5
       2
       3
       6
       3
       2
       6
       5
       9
       2
       4
       3
       2
       2
       6
       1
       5
       1
       4
       3
       3
       1
       2
       5
       3
       3
       5
       4
       7
       7
       2
       6
       5
       2
       3
       2
       4
       5
       2
       3
       8
       3
       4
       2
       1
       4
       1
       5
       4
       3
       2
       4
       4
       6
       1
       2
       2
       4
       2
       8
       7
       6
       3
       3
       3
       2
       7
       6
       4
       4
       6
       4
       6
       5
       6
       2
       4
       6
       5
       7
      10
       2
       3
       2
       8
       3
       1
       3
       4
       2
       1
       3
       1
       4
       2
       3
       4
       2
       5
       5
       6
       6
       6
       8
       3
       5
       2
       3
       5
       2
       2
       2
       7
       5
       5
       3
       5
       2
       2
       3
       5
       2
       3
       7
       4
       2
       3
       4
       6
       5
       6
       5
       3
       3
       3
       2
       4
       0
       4
       3
       4
       7
       5
       4
       7
       3
       0
       2
       3
       6
       2
       5
       4
       8
       3
       3
       1
       1
       7
       1
       5
       4
       3
       4
       1
       4
       5
       7
       5
       7
       4
       4
       4
       2
       3
       3
       3
       5
       4
       3
       4
       4
       2
       7
       4
       0
       2
       5
       6
       8
       2
       3
       5
       2
       2
       4
       4
       3
       4
       6
       1
       2
       1
       2
       4
       2
       5
       2
       6
       4
       2
       7
       4
       6
       4
       1
       5
       3
       8
       1
       1
       2
       4
       3
       3
       3
       3
       4
       5
       5
       5
       4
       2
       3
       3
       5
       6
       2
       0
       3
       2
       6
       4
       3
       7
       5
       0
       3
       1
       1
       1
       4
       0
       5
       4
       3
       1
       4
       4
       1
       4
       2
       3
       4
       4
       4
       4
       5
       2
       3
       3
       4
       1
       2
       3
       5
       7
      10
       2
       4
       3
       3
       4
       2
       6
       1
       4
       4
       1
       4
       3
       3
       2
       3
       2
       4
       3
       5
       2
       5
       6
       4
       1
       2
       1
       4
       0
       4
       3
       0
       1
       2
       1
       5
       1
       2
       6
       5
       3
       5
       3
       0
       1
       4
       0
       4
       7
       2
       3
       4
       2
       1
       5
       1
       1
       6
       1
       5
       2
       5
       2
       4
       1
       5
       5
       2
       2
       6
       2
       2
       3
       4
      10
       4
       1
       0
       0
       3
       5
       0
       2
       0
       6
       2
       0
       2
       2
       6
       2
       3
       3
       2
       2
       4
       3
       7
       4
       3
       1
       2
       2
       3
       5
       2
       2
       1
       3
       7
       3
       3
       3
       1
       1
       0
       5
       4
       2
       2
       6
       3
       2
       1
       5
       1
       4
       1
       0
       5
       0
       3
       3
       5
       3
       3
       3
       3
       6
       1
       2
       6
       4
       1
       5
       4
       4
       1
       2
       1
       4
       4
       1
       2
       2
       1
       1
       1
       5
       5
       6
       5
       1
       4
       4
       2
       4
       2
       1
       3
       1
       3
       4
       2
       4
       3
       2
       6
       5
       6
       2
       2
       3
       2
       4
       2
       2
       1
       6
       0
       4
       1
       0
       2
       2
       8
       3
       5
       3
       0
       5
       1
       4
       2
       4
       2
       5
       2
       2
       7
       1
       4
       6
       1
       2
       1
       2
       4
       4
       3
       5
       3
       3
       3
       2
       3
       4
       1
       2
       0
       4
       5
       4
       4
       1
       2
       3
       4
       3
       4
       4
       1
       1
       3
       1
       2
       4
       1
       1
       3
       1
       3
       3
       1
       4
       2
       2
       2
       5
       1
       0
       4
       1
       1
       1
       5
       2
       3
       2
       1
       1
       2
       2
       1
       2
       5
       1
       4
       2
       2
       4
       2
       0
       5
       4
       3
       4
       3
       1
       1
       1
       1
       3
       1
       3
       4
       0
       2
       0
       2
       4
       2
       2
       1
       1
       1
       3
       4
       1
       1
       0
       2
       2
       2
       3
       2
       2
       1
       1
       3
       1
       0
       1
       3
       2
       2
       0
       3
       0
       3
       4
       2
       3
       4
       2
       2
       4
       3
       1
       5
       4
       4
       2
       4
       0
       0
       2
       1
       1
       5
       1
       1
       2
       1
       1
       1
       3
       1
       3
       3
       1
       2
       2
       3
       1
       1
       2
       4
       2
       1
       3
       3
       1
       3
       3
       2
       5
       4
       2
       4
       5
       5
       3
       3
       3
       2
       0
       6
       1
       1
       3
       3
       3
       2
       0
       1
       2
       5
       2
       2
       3
       0
       1
       2
       1
       2
       2
       4
       3
       3
       3
       3
       1
       0
       1
       2
       2
       1
       2
       2
       0
       3
       1
       4
       2
       1
       2
       2
       0
       2
       2
       0
       2
       0
       2
       1
       1
       1
       4
       0
       2
       2
       1
       2
       1
       2
       1
       0
       1
       5
       1
       2
       5
       3
       1
       2
       0
       3
       1
       1
       0
       2
       2
       1
       3
       1
       2
       1
       1
       2
       1
       3
       2
       5
       1
       4
       1
       1
       4
       1
       1
       4
       1
       0
       3
       1
       1
       4
       2
       3
       3
       2
       5
       1
       1
       3
       2
       2
       2
       1
       3
       2
       4
       1
       2
       1
       0
       3
       3
       2
       3
       4
       4
       0
       5
       0
       2
       1
       3
       2
       0
       1
       2
       5
       3
       0
       2
       4
       3
       1
       2
       2
       3
       1
       3
       1
       3
       2
       0
       2
       3
       1
       3
       3
       4
       1
       2
       4
       1
       1
       3
       5
       1
       0
       1
       2
       3
       6
       2
       3
       2
       1
       4
       3
       4
       2
       0
       1
       3
       2
       3
       1
       3
       3
       1
       2
       3
       2
       0
       1
       1
       0
       3
       0
       1
       1
       2
       2
       1
       2
       3
       3
       1
       1
       2
       3
       3
       2
       7
       2
       0
       2
       3
       0
       3
       2
       4
       0
       1
       3
       1
       0
       1
       0
       3
       2
       1
       3
       2
       1
       1
       2
       0
       1
       1
       1
       2
       0
       6
       2
       0
       1
       5
       3
       4
       1
       3
       0
       3
       6
       1
       2
       1
       3
       1
       0
       1
       1
       2
       2
       2
       2
       3
       2
       3
       0
       1
       3
       0
       1
       3
       1
       2
       0
       3
       2
       1
       4
       3
       0
       1
       1
       3
       2
       2
       1
       3
       3
       1
       4
       1
       2
       0
       3
       0
       2
       0
       0
       0
       0
       1
       1
       0
       1
       2
       1
       1
       1
       4
       1
       2
       2
       3
       3
       0
       3
       4
       1
       3
       0
       1
       1
       1
       3
       1
       1
       1
       2
       2
       0
       3
       2
       2
       2
       1
       3
       2
       2
       2
       3
       0
       0
       3
       3
       2
       2
       4
       3
       1
       0
       2
       1
       4
       3
       1
       6
       4
       3
       3
       2
       2
       3
       0
       1
       3
       3
       1
       0
       0
       0
       1
       2
       4
       2
       4
       3
       2
       2
       1
       3
       1
       3
       1
       1
       3
       1
       1
       0
       4
       0
       0
       3
       1
       4
       3
       2
       2
       3
       3
       5
       4
       1
       2
       2
       1
       2
       3
       0
       2
       4
       3
       3
       2
       3
       1
       2
       3
       2
       2
       1
       1
       4
       2
       3
       1
       1
       3
       0
       3
       0
       2
       2
       2
       0
       2
       2
       1
       2
       1
       4
       3
       3
       1
       1
       2
       1
       1
       2
       2
       0
       2
       5
       3
       1
       3
       1
       2
       4
       4
       1
       0
       1
       2
       1
       1
       0
       1
       1
       2
       1
       1
       6
       4
       2
       2
       0
       2
       0
       0
       1
       2
       0
       1
       2
       1
       3
       3
       3
       2
       0
       4
       3
       2
       3
       1
       2
       3
       2
       0
       3
       3
       6
       3
       2
       3
       1
       1
       1
       2
       4
       3
       2
       0
       3
       0
       1
       4
       3
       4
       2
       3
       5
       2
       1
       2
       3
       0
       1
       2
       6
       0
       0
       2
       1
       1
       2
       1
       1
       2
       4
       3
       0
       4
       3
       5
       1
       4
       2
       0
       1
       3
       0
       3
       1
       1
       2
       1
       2
       0
       1
       0
       2
       1
       0
       2
       3
       2
       2
       6
       4
       2
       1
       2
       0
       1
       4
       4
       2
       2
       1
       3
       3
       0
       3
       0
       2
       0
       3
       5
       2
       1
       3
       3
       4
       3
       1
       3
       1
       1
       5
       1
       2
       1
       0
       0
       2
       0
       1
       1
       1
       4
       0
       2
       0
       2
       0
       1
       1
       1
       1
       1
       1
       3
       2
       2
       3
       2
       3
       7
       2
       1
       0
       4
       2
       4
       4
       5
       3
       0
       1
       1
       1
       3
       3
       2
       1
       2
       4
       3
       0
       6
       0
       2
       0
       0
       2
       1
       0
       2
       3
       3
       1
       2
       0
       1
       5
       0
       2
       1
       3
       3
       1
       1
       1
       3
       0
       3
       4
       3
       1
       4
       3
       2
       3
       1
       2
       3
       2
       0
       1
       3
       3
       4
       0
       1
       0
       4
       3
       3
       3
       2
       3
       1
       1
       2
       2
       2
       3
       4
       2
       3
       2
       2
       5
       3
       4
       4
       2
       1
       2
       2
       2
       1
       2
       1
       0
       3
       5
       1
       1
       4
       0
       1
       3
       0
       1
       3
       2
       1
       2
       4
       4
       2
       3
       0
       4
       1
       5
       1
       3
       3
       2
       4
       0
       6
       2
       2
       3
       3
       2
       4
       4
       4
       1
       1
       2
       1
       0
       0
       3
       3
       2
       2
       3
       4
       2
       2
       3
       1
       2
       1
       2
       1
       3
       3
       1
       3
       1
       0
       4
       0
       0
       1
       3
       4
       3
       1
       4
       3
       0
       1
       3
       1
       6
       4
       2
       1
       1
       3
       0
       3
       3
       2
       2
       4
       1
       2
       2
       4
       4
       1
       6
       2
       2
       1
       3
       1
       0
       5
       3
       3
       1
       2
       3
       0
       4
       1
       2
       1
       7
       0
       0
       3
       2
       3
       1
       2
       1
       2
       4
       1
       0
       5
       0
       1
       1
       4
       1
       3
       2
       3
       0
       3
       1
       4
       2
       2
       0
       2
       7
       5
       1
       1
       1
       4
       1
       2
       0
       2
       0
       2
       1
       1
       2
       1
       2
       2
       2
       0
       3
       3
       1
       3
       4
       1
       5
       6
       1
       3
       0
       0
       2
       1
       1
       2
       3
       2
       2
       3
       1
       1
       1
       0
       2
       0
       2
       5
       1
       7
       1
       2
       2
       4
       2
       1
       1
       1
       0
       2
       3
       3
       2
       5
       2
       4
       2
       1
       5
       3
       3
       1
       3
       3
       2
       2
       2
       2
       1
       4
       2
       3
       1
       0
       1
       0
       1
       0
       1
       1
       3
       3
       2
       1
       4
       2
       1
       0
       3
       3
       3
       2
       2
       3
       1
       2
       1
       1
       1
       2
       2
       0
       5
       2
       2
       2
       4
       2
       4
       4
       1
       0
       2
       1
       3
       3
       1
       1
       0
       4
       1
       3
       0
       3
       2
       2
       2
       0
       2
       3
       4
       1
       1
       1
       0
       2
       0
       1
       1
       4
       2
       0
       1
       2
       2
       0
       3
       0
       1
       1
       2
       2
       0
       0
       0
       0
       1
       2
       2
       1
       2
       0
       0
       0
       2
       2
       5
       2
       0
       1
       2
       0
       4
       0
       0
       1
       0
       2
       3
       1
       1
       1
       3
       2
       1
       3
       2
       2
       1
       3
       3
       2
       3
       2
       1
       2
       2
       0
       3
       1
       3
       2
       2
       2
       3
       2
       1
       0
       3
       1
       3
       2
       3
       0
       2
       0
       2
       0
       3
       0
       4
       1
       2
       3
       2
       2
       5
       0
       0
       0
       2
       2
       1
       1
       1
       0
       3
       1
       3
       1
       2
       0
       0
       2
       1
       2
       3
       1
       3
       4
       1
       2
       1
       1
       3
       0
       0
       2
       1
       2
       1
       1
       1
       2
       0
       0
       2
       0
       2
       1
       1
       2
       3
       1
       0
       2
       1
       3
       2
       3
       2
       3
       1
       2
       3
       1
       0
       2
       1
       0
       3
       1
       0
       1
       1
       3
       0
       2
       0
       2
       3
       1
       2
       4
       3
       2
       0
       1
       1
       1
       1
       0
       2
       0
       1
       2
       1
       0
       1
       0
       1
       1
       0
       2
       3
       1
       3
       1
       3
       2
       1
       3
       1
       0
       2
       0
       0
       1
       0
       2
       1
       2
       2
       0
       2
       1
       1
       2
       3
       1
       1
       2
       1
       1
       1
       2
       4
       4
       1
       0
       1
       1
       3
       1
       0
       0
       3
       0
       1
       1
       0
       2
       2
       1
       2
       1
       2
       1
       2
       1
       1
       1
       1
       1
       2
       0
       1
       1
       1
       3
       1
       2
       1
       0
       1
       1
       0
       0
       2
       3
       2
       2
       4
       1
       1
       1
       2
       0
       1
       1
       2
       3
       0
       4
       0
       4
       1
       3
       1
       3
       3
       0
       0
       3
       1
       1
       0
       0
       2
       1
       2
       2
       0
       3
       0
       0
       1
       4
       2
       2
       2
       1
       1
       4
       2
       1
       2
       2
       1
       0
       0
       1
       1
       6
       1
       0
       0
       1
       1
       2
       0
       1
       0
       0
       0
       1
       3
       0
       0
       2
       2
       3
       0
       0
       1
       1
       4
       2
       0
       1
       3
       0
       0
       4
       1
       3
       3
       2
       4
       3
       3
       3
       4
       1
       1
       3
       2
       1
       4
       1
       2
       4
       2
       1
       1
       2
       0
       2
       1
       1
       1
       3
       2
       1
       3
       0
       3
       3
       0
       5
       1
       1
       1
       1
       0
       3
       3
       0
       2
       2
       1
       0
       1
       2
       1
       0
       2
       1
       2
       0
       1
       4
       2
       1
       2
       2
       0
       0
       3
       1
       1
       2
       0
       1
       5
       0
       1
       3
       0
       1
       2
       2
       0
       0
       1
       3
       1
       1
       2
       2
       3
       0
       2
       1
       2
       2
       2
       3
       1
       0
       0
       3
       4
       1
       4
       1
       2
       0
       2
       4
       2
       5
       1
       3
       0
       1
       1
       3
       2
       3
       0
       1
       3
       3
       3
       1
       1
       4
       0
       2
       2
       1
       4
       2
       3
       0
       0
       1
       6
       1
       0
       1
       3
       4
       2
       4
       2
       3
       3
       1
       0
       4
       4
       2
       1
       1
       1
       3
       3
       1
       1
       2
       2
       4
       4
       1
       1
       2
       2
       1
       2
       4
       5
       2
       2
       3
       3
       3
       2
       1
       3
       0
       1
       1
       1
       4
       1
       1
       1
       3
       4
       1
       6
       2
       4
       2
       0
       5
       3
       5
       4
       1
       3
       5
       2
       3
       3
       3
       2
       1
       3
       3
       2
       2
       1
       1
       0
       3
       3
       2
       2
       1
       4
       5
       4
       0
       2
       4
       2
       0
       1
       1
       3
       3
       2
       2
       1
       1
       3
       0
       2
       3
       3
       1
       4
       4
       1
       2
       2
       3
       7
       1
       4
       6
       1
       1
       2
       6
       2
       2
       2
       5
       1
       4
       3
       6
       5
       1
       6
       4
       4
      11
       2
       4
       1
       3
       7
       2
       4
       3
       5
       2
       1
       3
       6
       5
       4
       2
       2
       3
       2
      10
       2
       6
       5
       4
       4
       3
       2
       4
       4
       5
       3
       6
       6
       2
       5
       0
       3
       4
       5
       3
       3
       4
       4
       5
       3
       6
       1
       3
       6
       2
       3
       2
       3
       0
       8
       7
       4
       8
       4
       7
       2
       5
       4
       3
       4
       4
       7
       4
       5
       3
       3
       2
       4
       3
       4
       4
       2
       2
       3
       7
       4
       5
       5
       4
       4
       4
       5
       1
       4
       3
       3
       8
       6
       2
      10
       5
       4
       4
       2
       6
       3
       3
       5
       3
       5
       3
       5
       6
       5
       1
       2
       4
       5
       4
       4
       2
       4
       5
       2
       5
       6
       2
       1
       4
       4
       5
       5
       4
       1
       0
       3
       6
       3
       1
       7
       2
       2
       2
       7
       1
       5
       6
       8
       3
       8
       3
       7
       2
       7
       5
       2
       3
       7
       2
       1
       7
       4
       4
       2
       1
       3
       2
       4
       5
       6
       5
       1
       4
       2
       3
       2
       7
       5
       9
       7
       5
       6
       5
       4
       6
       5
       3
       7
       6
       6
       7
       2
       5
       5
       6
       2
       6
       2
       6
       5
       2
       3
       1
       2
       2
       4
      10
       2
       5
       1
       2
       6
       7
       3
       4
       5
       7
       2
       6
       6
       2
       1
       3
       4
       8
       2
       0
       2
       2
       0
       1
       6
       3
       6
       5
       7
       6
       3
       5
       6
       4
       3
       3
       4
       5
       2
       5
       3
       2
       5
       4
       4
       2
       3
       7
       7
       4
       3
       2
       2
       4
       4
       4
       5
       5
       1
       2
       3
       2
       3
       3
       4
       2
       6
       2
       3
       4
       1
       2
       4
       3
       2
       5
       3
       2
       2
       3
       4
       4
       4
       2
       7
       4
       1
       4
       1
       4
       4
       0
       4
       2
       3
       5
       5
       2
       4
       8
       4
       1
       3
       4
       3
       4
       5
       2
       5
       3
       3
       4
       4
       3
       3
       3
       2
       0
       4
       1
       3
       3
       1
       3
       2
       1
       2
       3
       3
       0
       2
       0
       1
       1
       2
       0
       1
       3
       9
       2
       4
       4
       0
       1
       0
       1
       2
       1
       2
       0
       3
       0
       0
       2
       1
       0
       2
       1
       0
       1
       1
       3
       3
       2
       2
       4
       2
       1
       1
       2
       2
       2
       1
       0
       0
       1
       1
       2
       2
       1
       1
       3
       3
       3
       2
       1
       1
       1
       1
       1
       1
       1
       0
       1
       0
       0
       0
       1
       0
       2
       1
       0
       2
       1
       2
       1
       2
       1
       2
       2
       0
       0
       0
       1
       2
       0
       0
       0
       2
       0
       0
       1
       0
       0
       0
       0
       0
       0
       2
       0
       1
       1
       0
       1
       1
       0
       0
       1
       2
       0
       1
       0
       0
       0
       0
       0
       0
       0
       1
       0
       0
       0
       1
       0
       0
       0
       0
       0
       2
       1
       0
       0
       0
       0
       1
       0
       1
       0
       0
       1
       0
       0
       0
       1
       0
       1
       0
       0
       1
       2
       0
       0
       1
       1
       1
       0
       0
       0
       0
       0
       0
       1
       0
       0
       0
       0
       1
       0
       0
       0
       1
       0
       0
       0
       2
       1
       0
       0
       0
       0
       0
       0
       0
       0
       0
       1
       0
       0
       0
       0
       0
       0
       0
       0
       0
       0
       1
       0
       0
       0
       0
       0
       0
       0
       0
       0
       0
       1
       1
       0
       0
       0
       0
       0
       0
       0
       1
       1
       0
       0
       0
       0
       0
       2
       0
       0
       0
       0
       0
       1
       0
       0
       0
       0
       1
       0
       0
       0
       1
       0
       0
       0
       0
       0
       0
       0
       0
       0
       0
       0
       0
       0
       0
       0
       0
       0
       1
       0
       0
       0
       0
       0
       0
       0
       0
       0
       0
       0
       0
       0
       0
       1
       0
       0
       1
       0
       1
       0
       0
       1
       0
       0
       0
       0
       0
       0
       1
       0
       0
       0
       0
       0
       0
       0
       0
       0
       0
       0
       0
       0
       0
       0
       1
       0
       0
       0
       0
       0
       0
       0
       0
       0
       0
       0
       0
       0
       0
       0
       0
       0
       0
       0
       0
       0
       0
       0
       0
       0
       0
       0
       0
       0
       0
       0
       0
       0
       0
       0
       0
       0
       0
       0
       0
       0
       0
       0
       0
       0
       0
       0
       0
       0
       0
       0
       0
       0
       0
       0
       0
       0
       0
       1
       0
       0
       0
       0
       0
       0
       0
       0
       0
       0
       0
       0
       0
       0
       0
       2
       1
       0
       3
       1
       1
       0
       0
       2
       0
       0
       1
       1
       0
       0
       2
       0
       0
       0
       0
       1
       2
       1
       0
       2
       2
       1
       1
       2
       0
       0
       0
       2
       1
       1
       0
       2
       0
       1
       1
       0
       3
       0
       0
       1
       1
       0
       0
       0
       0
       2
       0
       3
       2
       1
       1
       2
       0
       2
       1
       1
       0
       2
       1
       0
       3
       0
       2
       1
       2
       2
       3
       0
       0
       0
       1
       0
       1
       0
       1
       3
       1
       1
       0
       1
       0
       0
       2
       0
       0
       3
       3
       0
       0
       0
       1
       1
       2
       1
       2
       0
       3
       1
       1
       1
       0
       0
       1
       0
       0
       1
       0
       3
       2
       1
       1
       1
       1
       1
       2
       1
       0
       3
       1
       0
       0
       0
       1
       1
       0
       0
       2
       1
       1
       1
       2
       2
       1
       1
       0
       2
       0
       3
       0
       2
       1
       0
       1
       1
       1
       4
       4
       1
       1
       0
       0
       1
       3
       1
       1
       1
       0
       0
       0
       3
       0
       1
       1
       0
       1
       1
       3
       2
       1
       1
       1
       2
       1
       2
       1
       0
       1
       0
       0
$ROI:
0
$PRESETS:
Live Time
1200
0
$ENER_FIT:
0.000000 0.000000
$MCA_CAL:
3
0.000000E+000 0.000000E+000 0.000000E+000 
$SHAPE_CAL:
3
0.000000E+000 0.000000E+000 0.000000E+000
